"proteinID"	"specie"	"A1"	"A2"	"A3"	"B1"	"B2"	"B3"
"1/sp|A0FGR8|ESYT2_HUMAN"	"HUMAN"	228.10219569826	276.951110600512	214.055273784667	213.976501202919	264.054850666157	196.111130817906
"1/sp|A6NDG6|PGP_HUMAN"	"HUMAN"	248.962645660146	233.209366603558	180.727765019004	284.038585701263	185.322963935596	342.552829682912
"1/sp|A6NHR9|SMHD1_HUMAN"	"HUMAN"	NA	NA	NA	220.930312108833	NA	214.606469341487
"1/sp|A6NL28|TPM3L_HUMAN"	"HUMAN"	792.471900268549	808.727395653586	722.065059292914	780.686366056178	757.971996735884	761.333665000401
"1/sp|C8Z3V4|MAP2_YEAS8"	"YEAST"	69.8271044529895	69.5878412478364	NA	NA	NA	NA
"1/sp|C8Z543|ARO1_YEAS8"	"YEAST"	896.694673479922	860.837724276589	1573.58685305981	385.491533972877	369.18709111025	375.137833846932
"1/sp|C8Z792|AIM9_YEAS8"	"YEAST"	533.882641172552	508.783880425045	575.948999888556	602.205474576102	155.559298278865	582.084559188248
"1/sp|C8Z826|SHE10_YEAS8"	"YEAST"	248.290421661639	NA	NA	NA	NA	NA
"1/sp|C8Z9U3|CRP1_YEAS8"	"YEAST"	NA	NA	1019.1956029921	NA	NA	NA
"1/sp|C8Z9Z9|AIM46_YEAS8"	"YEAST"	211.709308490174	216.646652650599	250.377479594372	NA	72.2851094210332	103.793307658774
"1/sp|C8ZAF8|UTP25_YEAS8"	"YEAST"	93.2931693861247	192.964538766147	131.162604981446	NA	50.8737878206477	NA
"1/sp|C8ZCI0|FCJ1_YEAS8"	"YEAST"	216.578462687984	245.057071345227	421.756849048053	NA	NA	NA
"1/sp|C8ZCN3|DRE2_YEAS8"	"YEAST"	NA	NA	100.970401972255	NA	NA	NA
"1/sp|C8ZDR4|HRI1_YEAS8"	"YEAST"	504.786834203503	299.907183024014	502.29458646966	162.555169182887	96.1417718875573	NA
"1/sp|C8ZER4|ARGJ_YEAS8"	"YEAST"	235.404424238382	204.584157476516	125.423632940434	NA	NA	NA
"1/sp|C8ZFZ7|BLH1_YEAS8"	"YEAST"	548.930499220494	524.275601263725	554.92803173801	291.555370456707	345.408139796508	289.349163621658
"1/sp|C8ZG13|PURA_YEAS8"	"YEAST"	546.918644951367	152.563881994467	NA	NA	NA	NA
"1/sp|C8ZJE0|MTNA_YEAS8"	"YEAST"	105.234471425157	NA	NA	NA	NA	NA
"1/sp|O00116|ADAS_HUMAN"	"HUMAN"	413.38894196169	278.479549757515	330.897484507714	297.704006685682	317.656270724416	267.37782040765
"1/sp|O00148|DX39A_HUMAN"	"HUMAN"	433.921989681647	404.895480440518	418.711474861337	500.071269688806	521.353681835616	490.140458062593
"1/sp|O00154|BACH_HUMAN"	"HUMAN"	1211.43334565536	1217.59552406283	1175.64552341178	1101.4576837324	1216.26381866754	1240.41905832623
"1/sp|O00159|MYO1C_HUMAN"	"HUMAN"	687.964781138157	698.635327770375	782.763487743821	760.674151808441	770.965274351802	805.75768283735
"1/sp|O00170|AIP_HUMAN"	"HUMAN"	211.709447028438	321.037890780195	432.772277138843	472.239301112899	320.571819486343	532.385731389483
"1/sp|O00231|PSD11_HUMAN"	"HUMAN"	527.147056959948	543.710134696559	456.557413690053	454.909250345649	472.787819263782	481.075804847625
"1/sp|O00232|PSD12_HUMAN"	"HUMAN"	684.993343101835	724.384890146313	700.541053925354	671.387865723715	643.185743014786	640.589432180208
"1/sp|O00264|PGRC1_HUMAN"	"HUMAN"	347.53868619675	392.797760054802	311.391194083698	458.588323706468	515.546174912728	466.637712449237
"1/sp|O00273|DFFA_HUMAN"	"HUMAN"	203.082826052471	413.972348598286	327.61976466293	229.718898064751	131.720408773148	144.586121622432
"1/sp|O00299|CLIC1_HUMAN"	"HUMAN"	3085.1130679506	3099.56943768247	3217.62994214128	3121.64531371158	3053.71795937386	3211.88399995844
"1/sp|O00303|EIF3F_HUMAN"	"HUMAN"	1016.56253205603	953.883827549667	1018.57638830235	988.657670882939	1068.1486340352	1013.20669189385
"1/sp|O00410|IPO5_HUMAN"	"HUMAN"	1112.35937740355	1081.6541098171	1046.20825533471	1044.89464437052	962.704006550904	996.665867026162
"1/sp|O00422|SAP18_HUMAN"	"HUMAN"	438.846514243521	NA	427.583049074018	430.540761207429	NA	807.748317276511
"1/sp|O00425|IF2B3_HUMAN"	"HUMAN"	635.503874547601	596.161171980127	624.465758995852	587.417265825159	600.356232262116	597.525619099257
"1/sp|O00429|DNM1L_HUMAN"	"HUMAN"	653.469025817341	695.385387737189	686.907558324715	700.674603725601	700.834517433693	677.182600142223
"1/sp|O00468|AGRIN_HUMAN"	"HUMAN"	166.160118657904	169.359195116855	141.125970169205	284.557801140836	211.555903997075	321.155242187088
"1/sp|O00483|NDUA4_HUMAN"	"HUMAN"	572.441430760719	529.20970902163	556.938957988625	528.226297202225	520.605985414779	514.423686004912
"1/sp|O00487|PSDE_HUMAN"	"HUMAN"	154.527727720809	NA	NA	196.86157885136	89.0426339743255	NA
"1/sp|O00541|PESC_HUMAN"	"HUMAN"	368.478675741178	374.793600572818	224.388896429028	382.236063956034	394.318304099329	400.145683929557
"1/sp|O00567|NOP56_HUMAN"	"HUMAN"	610.493760650333	596.374405543441	495.490864259969	577.147258100184	631.413694754896	563.24905430034
"1/sp|O00571|DDX3X_HUMAN"	"HUMAN"	1177.26358533585	1189.31206196432	1211.96824208601	1153.90172431363	1168.97546978408	1231.11270970926
"1/sp|O00592|PODXL_HUMAN"	"HUMAN"	1142.29000199548	1164.51920512759	1257.82903855942	1184.87429880085	1172.44499492574	1225.96472830215
"1/sp|O00625|PIR_HUMAN"	"HUMAN"	495.344284680293	446.872972214419	428.874244326596	464.871805316969	464.991094111688	597.709634929027
"1/sp|O00743|PPP6_HUMAN"	"HUMAN"	242.074504458234	NA	226.086167463896	247.007991058323	210.895084728983	213.811439981372
"1/sp|O00764|PDXK_HUMAN"	"HUMAN"	215.582455613007	232.867302341376	218.228894136344	201.304909669389	NA	204.118101297486
"1/sp|O14561|ACPM_HUMAN"	"HUMAN"	398.930771817097	NA	410.829840546286	NA	NA	348.886667213661
"1/sp|O14579|COPE_HUMAN"	"HUMAN"	96.8753632900463	149.338897751019	200.330011561916	182.1253855677	181.707208586146	157.154958647262
"1/sp|O14617|AP3D1_HUMAN"	"HUMAN"	129.662212309019	139.58862680814	148.482552575113	NA	141.651280259369	145.68733147892
"1/sp|O14684|PTGES_HUMAN"	"HUMAN"	1145.85653394862	1205.12836231711	1254.92983236088	1199.62335903709	1214.43418589848	1231.578147064
"1/sp|O14737|PDCD5_HUMAN"	"HUMAN"	875.470923536017	864.413608827711	891.035621812393	843.284981458082	904.248908569526	898.825239323329
"1/sp|O14744|ANM5_HUMAN"	"HUMAN"	456.696675223936	464.195969662578	538.947304488061	406.170528782438	397.706316077923	483.137656000721
"1/sp|O14745|NHRF1_HUMAN"	"HUMAN"	786.650729301345	768.803509229934	799.633821210807	870.080080496426	821.832888857001	827.646733039206
"1/sp|O14773|TPP1_HUMAN"	"HUMAN"	236.70510859735	327.658880687838	470.764384818237	412.747378116621	457.183519442484	448.940115689523
"1/sp|O14776|TCRG1_HUMAN"	"HUMAN"	373.291364147086	355.117859627947	361.199112640715	512.685088030522	486.866400882077	489.953697614285
"1/sp|O14818|PSA7_HUMAN"	"HUMAN"	975.883032314545	935.75581843019	814.491683817609	963.074598071657	1017.64584006653	951.17597480974
"1/sp|O14929|HAT1_HUMAN"	"HUMAN"	379.378434226631	374.245352122333	171.315998019702	355.231503757859	355.292937234194	327.222510502281
"1/sp|O14974|MYPT1_HUMAN"	"HUMAN"	NA	NA	NA	NA	421.14524555862	396.222447001681
"1/sp|O14979|HNRDL_HUMAN"	"HUMAN"	1045.80639849802	1043.37191945541	918.669455277227	1078.45565198548	1028.64309788158	1024.07194032599
"1/sp|O14980|XPO1_HUMAN"	"HUMAN"	885.237200338408	1004.4441244458	990.354673704792	894.80984686913	919.130760919259	842.429784556436
"1/sp|O15027|SC16A_HUMAN"	"HUMAN"	304.402309785998	334.935425519761	322.6512936867	125.262215188796	119.427566646336	NA
"1/sp|O15067|PUR4_HUMAN"	"HUMAN"	945.499892863719	993.015404718222	1037.16070548471	1014.67681003895	945.061019605431	980.669519151635
"1/sp|O15143|ARC1B_HUMAN"	"HUMAN"	435.868397651392	454.356835482585	427.484305022953	442.959578463774	455.446291062007	455.238298143403
"1/sp|O15144|ARPC2_HUMAN"	"HUMAN"	516.638019070566	569.549104563151	561.043991978568	646.393622245842	617.321899089468	521.194319866879
"1/sp|O15145|ARPC3_HUMAN"	"HUMAN"	770.232211071863	698.363787285331	797.610186039459	539.837147993472	721.894908185234	719.225785450968
"1/sp|O15160|RPAC1_HUMAN"	"HUMAN"	122.370694957516	NA	NA	NA	122.738492214277	159.258344838437
"1/sp|O15212|PFD6_HUMAN"	"HUMAN"	503.191338622533	516.451782226233	468.505044718323	459.987316936336	505.931177792991	462.127335604927
"1/sp|O15260|SURF4_HUMAN"	"HUMAN"	1391.68800562769	1411.29391513105	1409.46579582582	1314.76154325275	1371.57957487496	1390.63219566087
"1/sp|O15347|HMGB3_HUMAN"	"HUMAN"	709.017053258577	718.221502218135	608.732414517611	630.131613915639	668.313467845026	693.651545692477
"1/sp|O15355|PPM1G_HUMAN"	"HUMAN"	505.324769723348	496.161545076299	513.134480834913	560.533629846137	563.52553495961	568.991876897717
"1/sp|O15371|EIF3D_HUMAN"	"HUMAN"	621.324736175648	639.511116171319	587.544840422653	641.815039602633	654.732550113253	635.005498170829
"1/sp|O15372|EIF3H_HUMAN"	"HUMAN"	NA	272.701176097826	246.054603854178	313.079141788359	364.138957368194	258.067591336443
"1/sp|O15427|MOT4_HUMAN"	"HUMAN"	483.200847446807	477.835227252167	478.904775114196	427.82449575705	500.683552673924	478.162590792505
"1/sp|O15511|ARPC5_HUMAN"	"HUMAN"	449.450185126122	462.827888196013	350.485929473398	NA	435.687423014396	472.505257551383
"1/sp|O43143|DHX15_HUMAN"	"HUMAN"	1232.90031112987	1214.03060621812	1283.16716907288	1350.98250032312	1315.90369115277	1422.17206541254
"1/sp|O43169|CYB5B_HUMAN"	"HUMAN"	NA	211.246575750279	207.561985001425	206.578867077587	217.233953432474	200.791754036268
"1/sp|O43172|PRP4_HUMAN"	"HUMAN"	NA	NA	NA	NA	57.4286214581528	NA
"1/sp|O43175|SERA_HUMAN"	"HUMAN"	6885.19958595166	7480.23611735526	7165.45634002167	7003.83052505223	6912.86082011451	7180.51349338376
"1/sp|O43242|PSMD3_HUMAN"	"HUMAN"	463.194591802637	407.992450526251	488.698965318711	458.529442301585	465.632444097139	428.306612624614
"1/sp|O43252|PAPS1_HUMAN"	"HUMAN"	NA	184.295533317869	NA	NA	NA	272.795429446275
"1/sp|O43290|SNUT1_HUMAN"	"HUMAN"	216.076797880797	242.876830518258	220.725731444485	219.690116501416	223.37631187267	NA
"1/sp|O43324|MCA3_HUMAN"	"HUMAN"	213.153487326492	161.342675784779	252.349337309822	171.751994571141	162.134227845014	NA
"1/sp|O43390|HNRPR_HUMAN"	"HUMAN"	2275.1471960541	2342.85670795603	2257.4603430585	2217.42612175966	2109.54350957235	2224.76209463258
"1/sp|O43396|TXNL1_HUMAN"	"HUMAN"	504.25886851769	459.240238078303	566.135984903567	443.765692549672	439.243039208857	378.550307338008
"1/sp|O43399|TPD54_HUMAN"	"HUMAN"	1021.78017664723	978.366089767463	1064.46801494942	1067.91843031681	1058.19141828925	1083.42663403906
"1/sp|O43447|PPIH_HUMAN"	"HUMAN"	408.466508582316	414.34606592679	522.722569030256	521.040803443277	468.110013729449	492.848723608207
"1/sp|O43488|ARK72_HUMAN"	"HUMAN"	201.122853378238	120.290580953405	NA	229.751297430788	236.732028394907	NA
"1/sp|O43592|XPOT_HUMAN"	"HUMAN"	337.581745707847	561.494657717729	187.237827708538	334.088592730265	551.808419631902	327.569132334785
"1/sp|O43598|DNPH1_HUMAN"	"HUMAN"	344.825194138932	290.949762555692	332.076126287719	372.08752215809	369.25577306269	155.851512675269
"1/sp|O43615|TIM44_HUMAN"	"HUMAN"	465.096186664892	394.19832092036	433.637576898838	241.530520706126	487.278611000559	423.520938444442
"1/sp|O43617|TPPC3_HUMAN"	"HUMAN"	NA	387.632993029689	389.439270766516	NA	362.366063527522	NA
"1/sp|O43670|ZN207_HUMAN"	"HUMAN"	502.859615391566	486.759187176864	503.810848665582	502.521542638128	556.447289840945	554.421307179553
"1/sp|O43681|ASNA_HUMAN"	"HUMAN"	593.882826916151	582.114572501218	563.822583054799	515.436542419626	590.767417027943	727.418114945465
"1/sp|O43684|BUB3_HUMAN"	"HUMAN"	816.581876497882	816.303226063059	801.76847746771	880.413597467727	847.518881487346	910.341058178344
"1/sp|O43707|ACTN4_HUMAN"	"HUMAN"	2497.05396522392	2542.14350275361	2558.16645514586	2574.74683600727	2462.85757791086	2611.14929473733
"1/sp|O43719|HTSF1_HUMAN"	"HUMAN"	NA	289.428997867873	NA	NA	NA	NA
"1/sp|O43776|SYNC_HUMAN"	"HUMAN"	1075.13747857226	1114.92341581396	992.684968771179	1201.6460413235	1248.12089925764	1108.28377431409
"1/sp|O43809|CPSF5_HUMAN"	"HUMAN"	522.484766689924	561.859448617324	481.51256726623	537.969837238352	550.618430915243	352.965483717234
"1/sp|O43813|LANC1_HUMAN"	"HUMAN"	1070.00333742386	991.681540608122	1121.56847256988	1061.72294681113	1117.64564804404	1082.90482616259
"1/sp|O43818|U3IP2_HUMAN"	"HUMAN"	NA	192.659541347985	NA	NA	NA	NA
"1/sp|O43837|IDH3B_HUMAN"	"HUMAN"	NA	NA	NA	89.2802908660729	NA	112.327078675649
"1/sp|O43852|CALU_HUMAN"	"HUMAN"	400.592382346436	363.140012445894	375.181777051997	401.389170006948	435.032238098381	370.17425658563
"1/sp|O43865|SAHH2_HUMAN"	"HUMAN"	NA	NA	NA	138.941002164882	NA	179.968626984072
"1/sp|O60216|RAD21_HUMAN"	"HUMAN"	NA	NA	NA	NA	NA	226.317124597376
"1/sp|O60264|SMCA5_HUMAN"	"HUMAN"	402.49394675983	397.420832436704	178.4874329046	266.273027801987	196.721831208237	200.005135189175
"1/sp|O60313|OPA1_HUMAN"	"HUMAN"	292.36030767172	287.114058525051	343.157832946599	261.62221372583	252.556092651022	254.49475685283
"1/sp|O60341|KDM1A_HUMAN"	"HUMAN"	227.985631082349	162.948813034911	196.198812549615	192.833176061005	233.205843274749	NA
"1/sp|O60427|FADS1_HUMAN"	"HUMAN"	NA	455.265971948055	358.69240551586	NA	462.681712639182	NA
"1/sp|O60488|ACSL4_HUMAN"	"HUMAN"	353.107040382627	364.403229451669	368.717133318315	284.661086207839	272.052665946211	339.498959231058
"1/sp|O60506|HNRPQ_HUMAN"	"HUMAN"	1808.3517889516	1865.541236219	1757.76565036498	1654.59176068159	1636.61426948463	1701.11148090302
"1/sp|O60568|PLOD3_HUMAN"	"HUMAN"	1049.60225326548	1021.32322014564	921.190854592792	1184.25770711551	1160.43684709761	1133.36363536925
"1/sp|O60610|DIAP1_HUMAN"	"HUMAN"	308.592593278114	285.969779398684	321.868756760667	351.531646715881	310.99976219178	309.260922509337
"1/sp|O60664|PLIN3_HUMAN"	"HUMAN"	647.253464681473	660.015615853852	624.260457791512	600.56938272267	606.492379360698	606.556808582327
"1/sp|O60684|IMA7_HUMAN"	"HUMAN"	NA	442.002174322905	NA	NA	383.65116073641	390.826429039529
"1/sp|O60701|UGDH_HUMAN"	"HUMAN"	733.248110422681	691.578101609283	736.70367141922	737.156647009822	736.558932148885	748.306273570205
"1/sp|O60749|SNX2_HUMAN"	"HUMAN"	296.515725054164	271.908882344531	225.155716532434	185.791480466758	303.998699210121	224.915970284002
"1/sp|O60762|DPM1_HUMAN"	"HUMAN"	257.361157690944	235.334197037973	247.322369274012	264.646914071945	351.207796734918	347.634091265853
"1/sp|O60763|USO1_HUMAN"	"HUMAN"	486.314308879687	669.48362695666	367.329873888513	682.159232970146	742.912699274561	710.589282367241
"1/sp|O60831|PRAF2_HUMAN"	"HUMAN"	715.386461672215	714.180576631409	703.478709817849	746.57134857311	758.221757310944	772.993716568818
"1/sp|O60832|DKC1_HUMAN"	"HUMAN"	501.528874590075	522.779537184341	516.655391221302	535.970834418695	500.952837842863	501.442794482661
"1/sp|O60841|IF2P_HUMAN"	"HUMAN"	558.650229384321	581.230755800789	605.073217130844	452.208577303408	612.397239821208	603.092362471533
"1/sp|O60869|EDF1_HUMAN"	"HUMAN"	NA	NA	179.812256342298	213.916433438655	NA	NA
"1/sp|O60884|DNJA2_HUMAN"	"HUMAN"	NA	NA	NA	238.914701097282	241.57215591252	NA
"1/sp|O60888|CUTA_HUMAN"	"HUMAN"	624.491833329738	568.183204341933	589.627496675381	567.730568860911	573.733329277217	580.457214458927
"1/sp|O60925|PFD1_HUMAN"	"HUMAN"	128.777867951668	125.574387688763	NA	NA	NA	142.011609496524
"1/sp|O75027|ABCB7_HUMAN"	"HUMAN"	NA	NA	189.291463916776	210.965787996738	206.462357586913	256.665723310192
"1/sp|O75083|WDR1_HUMAN"	"HUMAN"	884.796341649157	983.168140329448	454.194356085098	999.808717430716	1062.23134592607	977.220821063499
"1/sp|O75131|CPNE3_HUMAN"	"HUMAN"	629.288399253418	719.032431461721	775.809591343561	749.192065353318	773.547411716672	715.358015564139
"1/sp|O75153|CLU_HUMAN"	"HUMAN"	262.762714402354	256.886309912045	598.151612802503	232.272822173537	257.672087954085	495.190887650715
"1/sp|O75223|GGCT_HUMAN"	"HUMAN"	209.731047506856	NA	286.888298340839	226.222121529343	315.136224530404	268.738835897606
"1/sp|O75340|PDCD6_HUMAN"	"HUMAN"	1821.88492885411	1839.84041366749	1826.44381590046	1908.72968029322	1868.92138435942	1900.4477532698
"1/sp|O75347|TBCA_HUMAN"	"HUMAN"	1364.83313433585	1455.10765086504	1415.38132209691	1492.8871656159	1396.50315397118	1446.84411442628
"1/sp|O75352|MPU1_HUMAN"	"HUMAN"	444.231619134038	435.963961753625	477.783345065013	385.179489680218	422.980011589429	421.134033209527
"1/sp|O75367|H2AY_HUMAN"	"HUMAN"	2934.01267326115	2970.88974787397	2975.41334532514	3186.68167438624	3298.98481588568	3357.27388517679
"1/sp|O75368|SH3L1_HUMAN"	"HUMAN"	442.91575848917	602.687540397082	415.616074978645	506.983395076955	711.973624432833	457.179787238357
"1/sp|O75369|FLNB_HUMAN"	"HUMAN"	3481.86864465821	3111.9525858182	3324.25608815255	3620.48585813896	3331.56324426936	3309.63611350924
"1/sp|O75390|CISY_HUMAN"	"HUMAN"	2694.06136671636	2853.95757486167	2685.30385085576	2538.36283386161	2499.53329260766	2694.40967971688
"1/sp|O75396|SC22B_HUMAN"	"HUMAN"	1401.6728177162	1463.24040203097	1338.11966702038	1357.3968069045	1364.11713360491	1349.94134418702
"1/sp|O75400|PR40A_HUMAN"	"HUMAN"	253.04940597555	101.936089978689	114.984235930544	123.733803512838	NA	121.973199520837
"1/sp|O75436|VP26A_HUMAN"	"HUMAN"	161.497168161559	159.859320565117	311.606668218825	467.912593554745	536.5687470266	292.983042649836
"1/sp|O75439|MPPB_HUMAN"	"HUMAN"	633.853938077032	646.318121823296	598.894972921207	625.92565907694	629.618311562758	539.804715290293
"1/sp|O75475|PSIP1_HUMAN"	"HUMAN"	953.666013230629	907.152122349622	874.849294044688	891.844571285472	968.312110807926	1006.6735912331
"1/sp|O75489|NDUS3_HUMAN"	"HUMAN"	433.498302676811	491.647766459585	378.982860937866	460.308513355939	458.178805272615	443.251013816441
"1/sp|O75494|SRS10_HUMAN"	"HUMAN"	415.382729889585	469.317356435518	418.366199938603	427.495213716215	545.439330692967	402.685671525552
"1/sp|O75521|ECI2_HUMAN"	"HUMAN"	122.806188351635	218.686799804824	115.347388498944	195.910806727194	212.383079103947	198.619859988359
"1/sp|O75531|BAF_HUMAN"	"HUMAN"	1047.37994728396	1037.76078727715	1020.6548547318	1074.03161522893	1010.47413562601	1067.81626823956
"1/sp|O75533|SF3B1_HUMAN"	"HUMAN"	1805.84303558554	1745.1218328398	1422.27624095632	1780.68601428433	1615.91527561446	1635.96583518968
"1/sp|O75534|CSDE1_HUMAN"	"HUMAN"	403.635547513218	301.906801391704	320.587235802943	417.680184752163	349.472261412136	400.424639558036
"1/sp|O75608|LYPA1_HUMAN"	"HUMAN"	422.611095825084	383.565966447922	399.225705068395	386.729959674928	348.953368403608	348.423607403059
"1/sp|O75643|U520_HUMAN"	"HUMAN"	731.724563536617	821.66461955353	751.663829857039	725.865481292646	718.10623802562	681.817248841777
"1/sp|O75694|NU155_HUMAN"	"HUMAN"	557.528717308767	571.495495265715	892.930220265002	496.563769300824	504.602230596952	500.494482774713
"1/sp|O75718|CRTAP_HUMAN"	"HUMAN"	498.232592279011	416.450603909988	402.513913123079	422.105373509905	457.628049654575	494.569002606196
"1/sp|O75821|EIF3G_HUMAN"	"HUMAN"	253.691014198221	265.415483479391	263.960465178746	298.402858442628	229.059827061119	253.799933250601
"1/sp|O75874|IDHC_HUMAN"	"HUMAN"	1161.77431680628	1225.20648055641	1122.70527289338	1292.19620515583	1258.83214866612	1251.47521594112
"1/sp|O75915|PRAF3_HUMAN"	"HUMAN"	460.238456913277	452.676255305637	430.693569664215	476.135269859887	430.370200971688	438.05109544744
"1/sp|O75937|DNJC8_HUMAN"	"HUMAN"	734.681049870678	807.442809390114	750.76084223523	767.944732906453	808.44878161749	754.299771542552
"1/sp|O75940|SPF30_HUMAN"	"HUMAN"	NA	NA	NA	253.357871965031	NA	NA
"1/sp|O75947|ATP5H_HUMAN"	"HUMAN"	813.099999226403	878.90458123658	761.489545794799	838.092824473556	838.171236634171	793.327736096686
"1/sp|O75955|FLOT1_HUMAN"	"HUMAN"	534.614084033299	589.192346691179	611.16393429252	638.239424369774	628.956977901599	541.264565149518
"1/sp|O75964|ATP5L_HUMAN"	"HUMAN"	384.614545130901	374.526392665935	352.358549190841	402.308840749045	353.780711338398	370.874537065747
"1/sp|O76003|GLRX3_HUMAN"	"HUMAN"	633.236643413776	651.643122080224	664.485835860407	648.813170994441	713.061721503771	650.439086558716
"1/sp|O76021|RL1D1_HUMAN"	"HUMAN"	1344.64806663994	1359.67226538207	1379.28910703052	1363.31602029284	1482.95555048482	1422.70163147293
"1/sp|O76094|SRP72_HUMAN"	"HUMAN"	381.807456038916	364.939520701693	448.683720238462	298.425698851607	402.792180094849	337.429702967271
"1/sp|O94776|MTA2_HUMAN"	"HUMAN"	573.719424386087	579.326656519692	613.719181438716	578.959483358796	620.897683042028	650.018654626478
"1/sp|O94826|TOM70_HUMAN"	"HUMAN"	386.98903349471	385.170535369803	340.156112498762	334.582001989662	361.884654487997	327.563982567147
"1/sp|O94905|ERLN2_HUMAN"	"HUMAN"	237.731588352543	338.530458577376	140.958522026131	138.800649216085	292.371149256635	114.402204200973
"1/sp|O94906|PRP6_HUMAN"	"HUMAN"	507.815804060318	535.34434285241	505.833771057949	598.491103918728	788.404963548046	600.391127769991
"1/sp|O94979|SC31A_HUMAN"	"HUMAN"	706.330188124762	700.333933491816	923.617307235675	698.864615995213	727.616715566175	756.339388512554
"1/sp|O95202|LETM1_HUMAN"	"HUMAN"	272.740662314347	294.405061888029	272.161178666809	297.885502546112	281.172454365826	330.412450837637
"1/sp|O95218|ZRAB2_HUMAN"	"HUMAN"	122.340686277853	79.9725284627457	101.088222734333	NA	116.485204559991	NA
"1/sp|O95232|LC7L3_HUMAN"	"HUMAN"	447.543071145508	418.422096150267	450.616749488428	234.731829675757	268.24533058648	241.524957582383
"1/sp|O95292|VAPB_HUMAN"	"HUMAN"	NA	251.156732175303	253.676943297094	NA	289.772795808632	NA
"1/sp|O95299|NDUAA_HUMAN"	"HUMAN"	143.081421050947	146.380689989082	126.488419117917	136.897353041516	129.063483964698	NA
"1/sp|O95336|6PGL_HUMAN"	"HUMAN"	472.239037105027	481.001956487732	460.077719584127	465.22242235228	477.804843642168	482.13007239484
"1/sp|O95347|SMC2_HUMAN"	"HUMAN"	456.298537340261	532.653101713302	449.062936888081	479.738487015599	470.756279735505	490.050624699768
"1/sp|O95373|IPO7_HUMAN"	"HUMAN"	920.0770920179	915.291139679124	953.186995165907	945.164789857758	908.258315764773	980.307250250754
"1/sp|O95433|AHSA1_HUMAN"	"HUMAN"	665.974091008494	506.659991018238	517.271482283365	833.806931488389	558.580747641267	702.124529549326
"1/sp|O95456|PSMG1_HUMAN"	"HUMAN"	NA	NA	154.747000985631	162.064570979262	166.139964794579	162.136737430154
"1/sp|O95571|ETHE1_HUMAN"	"HUMAN"	483.371985602444	463.675530406898	492.61538526887	560.031713165169	527.13308773951	221.57155154086
"1/sp|O95573|ACSL3_HUMAN"	"HUMAN"	758.199964521674	735.872554944828	751.493320141162	1190.87084719155	1174.02139992949	1485.57818986372
"1/sp|O95747|OXSR1_HUMAN"	"HUMAN"	433.926816794825	474.1843170858	511.71432201158	504.392665453398	513.294768846663	531.479291337661
"1/sp|O95757|HS74L_HUMAN"	"HUMAN"	432.981292406665	379.075638992483	461.44800455446	282.657034714831	430.365860710387	434.203124626699
"1/sp|O95782|AP2A1_HUMAN"	"HUMAN"	573.611967356999	597.658711414927	540.560530513822	527.054805392206	573.990269140061	553.970131469199
"1/sp|O95816|BAG2_HUMAN"	"HUMAN"	374.631644479257	397.705030251112	344.332949735209	353.857734063274	369.733378433729	378.187745230604
"1/sp|O95831|AIFM1_HUMAN"	"HUMAN"	1125.44419559206	1400.92364140122	1091.97650903978	1122.66267267708	1133.90875401173	1104.24616130294
"1/sp|O95864|FADS2_HUMAN"	"HUMAN"	NA	NA	NA	209.35764003015	229.556643458236	NA
"1/sp|O95881|TXD12_HUMAN"	"HUMAN"	967.336722141396	1026.54474573653	881.885398742182	1026.25552591591	988.500306429837	981.371491349773
"1/sp|O96000|NDUBA_HUMAN"	"HUMAN"	405.315164520049	429.330244024094	434.916243246603	433.855727291209	439.476087678436	546.548718279456
"1/sp|O96008|TOM40_HUMAN"	"HUMAN"	697.277243985304	649.207741304609	696.306636648201	677.18984133413	680.327476972548	665.651538209306
"1/sp|O96019|ACL6A_HUMAN"	"HUMAN"	346.671452914659	302.194356403438	331.228985012941	368.275086367985	366.875434600347	356.986646322471
"1/sp|P00338|LDHA_HUMAN"	"HUMAN"	7383.74174966487	7703.69891058914	7326.97104764133	7451.29154295964	7058.77114463312	7156.49647853286
"1/sp|P00350|6PGD_ECOLI"	"ECOLI"	723.172975762359	740.954528208756	744.149744559271	2275.41468237677	2266.38873166815	2414.98554910719
"1/sp|P00363|FRDA_ECOLI"	"ECOLI"	486.90829295375	374.201262138946	381.781593106426	1286.22587691668	1239.42563872608	1296.76108329367
"1/sp|P00367|DHE3_HUMAN"	"HUMAN"	1062.69154423279	1023.98239668706	945.157234442385	913.34747110491	692.117603393485	941.659649889673
"1/sp|P00370|DHE4_ECOLI"	"ECOLI"	138.189000263315	NA	NA	539.928165622148	516.73790651349	557.502293309764
"1/sp|P00387|NB5R3_HUMAN"	"HUMAN"	707.080390872586	707.066696368159	722.818871040724	689.256883638198	704.560261427178	666.50227392792
"1/sp|P00390|GSHR_HUMAN"	"HUMAN"	1032.36680401975	1093.3232880073	1113.90108834601	1045.59411191156	999.172749606989	947.084355182715
"1/sp|P00393|DHNA_ECOLI"	"ECOLI"	NA	NA	NA	303.319277447889	479.674230781008	153.615983223437
"1/sp|P00403|COX2_HUMAN"	"HUMAN"	2938.81127163093	2944.51663270213	2879.67958331372	2739.2711994203	2805.69481563938	2817.61694764159
"1/sp|P00441|SODC_HUMAN"	"HUMAN"	976.579188936559	1112.79286937079	1038.66229939046	1031.13087983407	1033.07052356797	1050.00697350176
"1/sp|P00448|SODM_ECOLI"	"ECOLI"	NA	NA	NA	143.525597029958	NA	98.5158898680187
"1/sp|P00452|RIR1_ECOLI"	"ECOLI"	NA	NA	NA	807.386589111418	420.171294589774	760.3841126866
"1/sp|P00490|PHSM_ECOLI"	"ECOLI"	45.0711358299829	NA	107.445002562539	404.014074648422	416.708282443047	404.637720890849
"1/sp|P00491|PNPH_HUMAN"	"HUMAN"	841.432711318503	769.099590004197	831.423636741578	806.344287570583	834.130264425721	844.12054032918
"1/sp|P00492|HPRT_HUMAN"	"HUMAN"	1432.66170000055	1500.27909541543	1448.63253253691	1499.42935451152	1563.91537381338	1605.85969600449
"1/sp|P00505|AATM_HUMAN"	"HUMAN"	2925.46699864454	3052.53126169978	3191.01685658211	3131.62652928789	3162.91573176292	3176.10308744363
"1/sp|P00509|AAT_ECOLI"	"ECOLI"	442.722540858177	336.80610385028	447.318217958875	1272.48471963867	1287.74408550861	1326.8647770727
"1/sp|P00533|EGFR_HUMAN"	"HUMAN"	404.569234795385	387.756047673308	356.08056274109	404.904052488123	397.891619696905	364.559446503204
"1/sp|P00550|PTM3C_ECOLI"	"ECOLI"	160.130654319702	NA	NA	532.576127720039	518.005234822359	529.940393725094
"1/sp|P00558|PGK1_HUMAN"	"HUMAN"	11170.2303599273	11058.302598008	10725.5641398079	10833.207724038	10507.1690050309	10816.2018028102
"1/sp|P00561|AK1H_ECOLI"	"ECOLI"	357.086580174566	NA	NA	497.541719979817	266.44663021753	402.107841166373
"1/sp|P00568|KAD1_HUMAN"	"HUMAN"	817.103564543229	1069.19760454137	1031.40822430463	883.413681771125	953.306487090354	922.914443962146
"1/sp|P00579|RPOD_ECOLI"	"ECOLI"	343.352319623735	NA	NA	634.203673321045	645.325322432985	623.065240729374
"1/sp|P00582|DPO1_ECOLI"	"ECOLI"	NA	NA	NA	251.639411774037	541.918474600495	204.918598325765
"1/sp|P00722|BGAL_ECOLI"	"ECOLI"	247.930556724683	258.454522053094	169.767645913242	855.834013851032	846.821729814266	966.495025863509
"1/sp|P00805|ASPG2_ECOLI"	"ECOLI"	238.572264069669	171.599599266021	174.523333959621	975.07904230645	970.95058311033	999.143523001403
"1/sp|P00864|CAPP_ECOLI"	"ECOLI"	NA	194.443278246584	103.749350763389	647.649728197509	677.270387420433	635.147320802138
"1/sp|P00926|SDHD_ECOLI"	"ECOLI"	NA	NA	NA	163.318176436342	74.2880189400325	160.522944804541
"1/sp|P00934|THRC_ECOLI"	"ECOLI"	NA	NA	NA	142.044401479022	179.792281664609	201.364888962315
"1/sp|P00946|MANA_ECOLI"	"ECOLI"	85.5409331298741	80.2594455609582	NA	498.658611945769	504.95729192384	478.449146975694
"1/sp|P00954|SYW_ECOLI"	"ECOLI"	NA	NA	NA	293.384060975526	324.043875252212	300.514757831704
"1/sp|P00956|SYI_ECOLI"	"ECOLI"	150.256144482723	78.9585549796872	179.412771443965	828.099389111377	734.782049028076	728.400325707257
"1/sp|P00957|SYA_ECOLI"	"ECOLI"	126.410513129863	411.650220486922	192.48157881274	855.225162940413	814.369873789411	839.427313000934
"1/sp|P00959|SYM_ECOLI"	"ECOLI"	NA	NA	NA	449.471021116015	426.099133384795	533.669353437017
"1/sp|P00960|SYGA_ECOLI"	"ECOLI"	NA	NA	NA	630.867696669997	673.949065866623	707.365795423575
"1/sp|P00961|SYGB_ECOLI"	"ECOLI"	209.286507762152	320.818268134235	316.522293254538	1047.22288684612	1107.59630885901	1034.02995283029
"1/sp|P00962|SYQ_ECOLI"	"ECOLI"	NA	NA	NA	433.786791509173	458.824246725291	454.800299194321
"1/sp|P00966|ASSY_HUMAN"	"HUMAN"	1785.84167508722	1837.44033737556	1874.89737489639	1789.53823857787	1900.53390634917	1897.2012566024
"1/sp|P02358|RS6_ECOLI"	"ECOLI"	884.215171452239	927.062889466087	929.099090437303	2939.2645711682	2944.74883224953	2960.18569856671
"1/sp|P02359|RS7_ECOLI"	"ECOLI"	1195.45207785244	1190.35138898839	1055.63240309462	3725.90509957609	3748.28510216837	3966.0701254838
"1/sp|P02413|RL15_ECOLI"	"ECOLI"	1219.84922012203	1247.64313748634	1256.28798970658	4452.59099447954	4350.87453651819	4530.34086241443
"1/sp|P02545|LMNA_HUMAN"	"HUMAN"	6522.94453978171	6714.16252883938	6470.62129735957	6522.02950450203	6634.84775392136	6809.34463603275
"1/sp|P02765|FETUA_HUMAN"	"HUMAN"	331.043508179043	306.886523227279	300.907591381824	344.349596614419	333.487780273634	300.317114249038
"1/sp|P02768|ALBU_HUMAN"	"HUMAN"	5250.73038802871	5088.93573157233	5410.76549385004	3048.0709153271	2909.82932935644	2975.68243182349
"1/sp|P02786|TFR1_HUMAN"	"HUMAN"	1371.85908310582	1374.15296297848	1349.24918436948	1336.49203257974	1321.35735896213	1408.00390374017
"1/sp|P02792|FRIL_HUMAN"	"HUMAN"	244.114345878362	250.153503878407	277.252782132848	650.903518352466	229.74823248123	297.031277912612
"1/sp|P02794|FRIH_HUMAN"	"HUMAN"	833.735110259736	790.53591058046	830.082084560487	815.131983961859	782.172506609151	763.569101713804
"1/sp|P02925|RBSB_ECOLI"	"ECOLI"	4976.77820546878	4854.77828972089	4799.30338585436	17788.3254105033	17199.4300685493	18008.6907922619
"1/sp|P02930|TOLC_ECOLI"	"ECOLI"	306.503592255355	NA	170.616239414305	702.471786158456	699.973594276845	702.479532840671
"1/sp|P03813|YGEA_ECOLI"	"ECOLI"	NA	NA	NA	NA	NA	173.341736946527
"1/sp|P04036|DAPB_ECOLI"	"ECOLI"	NA	NA	NA	133.859929143499	122.177771073916	170.425141677004
"1/sp|P04040|CATA_HUMAN"	"HUMAN"	380.323790455612	363.434316868563	364.375888495569	376.677314644102	330.26124785909	328.379779960227
"1/sp|P04062|GLCM_HUMAN"	"HUMAN"	366.652363624416	132.13999914493	240.372133224804	308.185611360732	308.205892889159	329.271937537552
"1/sp|P04075|ALDOA_HUMAN"	"HUMAN"	7245.27055003647	7431.62812805696	7202.13706146429	6749.24338979292	6771.6771992308	7107.5771346195
"1/sp|P04079|GUAA_ECOLI"	"ECOLI"	311.559875515267	185.606305746852	178.207932571253	784.248954573919	819.65928435694	797.889022670911
"1/sp|P04080|CYTB_HUMAN"	"HUMAN"	282.663579662004	247.142227330744	286.55635324229	287.515629417122	277.855233112026	349.492861521648
"1/sp|P04083|ANXA1_HUMAN"	"HUMAN"	4158.9962137442	4236.55827810091	4231.96196169744	4307.6480320026	4002.99338925653	4147.97238729888
"1/sp|P04179|SODM_HUMAN"	"HUMAN"	921.700660364829	944.665021184047	1037.29365112677	970.583080783043	961.831844815874	963.708302553971
"1/sp|P04181|OAT_HUMAN"	"HUMAN"	340.56174015607	381.113531395007	390.289483691783	393.409107434377	253.384688465766	400.740541892283
"1/sp|P04264|K2C1_HUMAN"	"HUMAN"	1693.59361137687	1748.75581834361	1818.59471522547	1277.39355913593	1378.80093489634	1331.8638288406
"1/sp|P04335|FRSA_ECOLI"	"ECOLI"	NA	NA	NA	NA	224.414275966925	NA
"1/sp|P04406|G3P_HUMAN"	"HUMAN"	34065.9461370391	34175.5651404914	34972.2134115372	34251.413457762	33378.3372649082	34462.2148419375
"1/sp|P04425|GSHB_ECOLI"	"ECOLI"	NA	NA	NA	275.437204808147	297.869057097703	396.130711675344
"1/sp|P04632|CPNS1_HUMAN"	"HUMAN"	325.001983690492	342.082475100715	362.877019952222	371.048019305442	373.105795114367	393.32193242277
"1/sp|P04792|HSPB1_HUMAN"	"HUMAN"	4733.87176232214	5237.28231033414	4836.28353496656	4808.65504506913	4833.3882567871	4854.31493159235
"1/sp|P04805|SYE_ECOLI"	"ECOLI"	NA	NA	NA	489.084796532972	465.358202129694	463.168358392486
"1/sp|P04825|AMPN_ECOLI"	"ECOLI"	229.275649326392	144.947137674255	316.03593981724	930.154766760372	986.668351294659	929.844778431902
"1/sp|P04843|RPN1_HUMAN"	"HUMAN"	3017.85184184623	3059.29871522194	3195.6909156189	3029.52385801435	2802.52252146394	3089.7021211709
"1/sp|P04844|RPN2_HUMAN"	"HUMAN"	678.822886554976	691.259889318165	737.021794817699	688.445543195247	705.864269392315	729.366388647826
"1/sp|P04899|GNAI2_HUMAN"	"HUMAN"	NA	254.432372337485	140.235075226879	273.413378672784	257.075609135068	259.722022129729
"1/sp|P04951|KDSB_ECOLI"	"ECOLI"	NA	NA	NA	239.796937923047	235.980528577621	241.856415878796
"1/sp|P04982|RBSD_ECOLI"	"ECOLI"	296.719692961166	295.852015197894	231.224333869844	843.656654447572	796.113089066564	813.818207294268
"1/sp|P04983|RBSA_ECOLI"	"ECOLI"	NA	NA	NA	742.807649179494	567.218067020863	752.069851862803
"1/sp|P05023|AT1A1_HUMAN"	"HUMAN"	1097.66985960562	1237.48418654634	1147.73505863879	1180.66497601037	1213.8799404469	1214.68236253506
"1/sp|P05026|AT1B1_HUMAN"	"HUMAN"	336.793469863756	308.532531685684	326.144703204182	300.364053328646	304.118982378597	360.931798099776
"1/sp|P05055|PNP_ECOLI"	"ECOLI"	578.228573904523	562.534090437179	586.934457639806	1588.10056916607	1846.8202827654	1802.0099720373
"1/sp|P05091|ALDH2_HUMAN"	"HUMAN"	694.050571218992	710.648007471934	711.661715220452	729.035860317039	735.911287693229	748.552539618482
"1/sp|P05114|HMGN1_HUMAN"	"HUMAN"	NA	149.401803271906	133.882655182826	187.528852792888	160.960718125833	145.951370389927
"1/sp|P05141|ADT2_HUMAN"	"HUMAN"	5171.3903379591	5596.03945214485	5471.58585406466	5384.95360699626	5335.24566654435	5750.8637655362
"1/sp|P05161|ISG15_HUMAN"	"HUMAN"	1028.38331974226	1011.15402851965	1009.26043145764	1005.05205884943	1025.20271208155	1066.777072437
"1/sp|P05198|IF2A_HUMAN"	"HUMAN"	1184.64119841448	1221.2079980593	1194.75504717395	1218.3455329133	1202.40780810434	1286.50231020137
"1/sp|P05204|HMGN2_HUMAN"	"HUMAN"	140.113391976761	102.81273217999	113.920560529577	135.894316324829	121.721481545375	118.628208233162
"1/sp|P05387|RLA2_HUMAN"	"HUMAN"	5295.04180416343	5439.1855838525	5624.24054716319	5229.860508478	4767.7988754721	5313.03675414374
"1/sp|P05388|RLA0_HUMAN"	"HUMAN"	1115.06455587246	1112.84236727712	1042.41136755484	1016.32232348368	1008.42423383132	1008.64709756484
"1/sp|P05455|LA_HUMAN"	"HUMAN"	654.853457195412	708.232463837805	703.064061979411	691.166362385547	718.808880821293	674.63002214303
"1/sp|P05459|PDXB_ECOLI"	"ECOLI"	NA	NA	533.522424859605	339.46959676527	386.930150480786	446.790469479085
"1/sp|P05556|ITB1_HUMAN"	"HUMAN"	1904.72820171023	2038.05481178437	1993.62955683065	2010.05315340893	1918.78258299341	1989.41026812958
"1/sp|P05707|SRLD_ECOLI"	"ECOLI"	NA	NA	NA	171.135451232907	183.100515826437	NA
"1/sp|P05783|K1C18_HUMAN"	"HUMAN"	6248.30970675262	6213.75419112965	6417.4721578445	6603.30619688894	6272.73881733756	6516.82821943897
"1/sp|P05787|K2C8_HUMAN"	"HUMAN"	7027.04483580587	7390.916691754	7260.95164074969	7190.21086797287	7105.5743134635	7360.80607895813
"1/sp|P05791|ILVD_ECOLI"	"ECOLI"	NA	NA	NA	119.282413745113	130.252199568945	NA
"1/sp|P05804|BGLR_ECOLI"	"ECOLI"	571.221072884757	516.462766573509	341.472628619895	1289.28899966687	1294.24758985398	1382.46387542198
"1/sp|P05852|TSAD_ECOLI"	"ECOLI"	NA	543.430945109498	NA	NA	NA	NA
"1/sp|P06132|DCUP_HUMAN"	"HUMAN"	217.592080968642	193.763189563173	190.940646698634	NA	NA	219.159403254279
"1/sp|P06149|DLD_ECOLI"	"ECOLI"	NA	NA	NA	139.241913278693	167.855599164257	122.442888372695
"1/sp|P06454|PTMA_HUMAN"	"HUMAN"	1230.18435890365	1344.57869816318	1252.91548887639	1335.66608163004	1251.75946482862	1280.49554550776
"1/sp|P06493|CDK1_HUMAN"	"HUMAN"	458.414617411426	491.39181825074	447.726800543032	517.289796404805	502.435513445695	486.67321105074
"1/sp|P06576|ATPB_HUMAN"	"HUMAN"	8469.26055571877	8664.57645792673	8776.4093240544	8797.56711977253	8172.35577998679	8736.60784714733
"1/sp|P06610|BTUE_ECOLI"	"ECOLI"	NA	NA	NA	356.518811671493	329.214635099579	351.819988461723
"1/sp|P06612|TOP1_ECOLI"	"ECOLI"	NA	NA	NA	314.985057916922	672.381232253438	630.513155741772
"1/sp|P06703|S10A6_HUMAN"	"HUMAN"	10859.8279726911	11448.6751886465	11431.0783478853	10807.3313475682	10517.8184996163	10299.8336387077
"1/sp|P06715|GSHR_ECOLI"	"ECOLI"	NA	NA	NA	235.754075094789	228.57199477864	271.505393834809
"1/sp|P06720|AGAL_ECOLI"	"ECOLI"	740.470395670413	781.715688621533	715.738226577991	2263.13013935859	2261.09630064547	2389.69945347851
"1/sp|P06730|IF4E_HUMAN"	"HUMAN"	NA	NA	NA	329.675261427699	318.57454317611	411.451061135254
"1/sp|P06733|ENOA_HUMAN"	"HUMAN"	17057.4579477347	17429.4142833635	16127.7419105228	15514.7609910869	15252.7663753016	16291.4225334065
"1/sp|P06737|PYGL_HUMAN"	"HUMAN"	580.459156311378	756.026398077986	782.041725472511	775.035773972342	874.089684487057	778.015218370643
"1/sp|P06744|G6PI_HUMAN"	"HUMAN"	4471.79169684358	4525.34343121574	4106.73521453243	4617.69955185002	4341.08906977285	4433.92897316935
"1/sp|P06748|NPM_HUMAN"	"HUMAN"	10052.1041594776	10764.4040264784	9598.32282165294	8929.27051493224	9226.85539923493	8755.00927824562
"1/sp|P06753|TPM3_HUMAN"	"HUMAN"	1329.7276128502	1461.31494115436	1324.72629285598	1424.0282792935	1493.22605536056	1402.19247370417
"1/sp|P06756|ITAV_HUMAN"	"HUMAN"	492.575730950894	499.84437543842	474.27682242722	478.971458871336	523.558857003297	449.65232797154
"1/sp|P06865|HEXA_HUMAN"	"HUMAN"	430.282524820954	548.659565383118	548.166876985776	603.514826625775	415.782037417632	520.158177398446
"1/sp|P06959|ODP2_ECOLI"	"ECOLI"	504.529256082602	588.755180788669	555.079243173354	1871.58977682884	1903.68274968764	1908.23474089634
"1/sp|P06968|DUT_ECOLI"	"ECOLI"	NA	NA	NA	NA	NA	126.432621142183
"1/sp|P06983|HEM3_ECOLI"	"ECOLI"	NA	NA	NA	178.55774432149	NA	173.798476445154
"1/sp|P06987|HIS7_ECOLI"	"ECOLI"	NA	NA	NA	47.8744278333087	NA	NA
"1/sp|P06996|OMPC_ECOLI"	"ECOLI"	NA	NA	NA	179.568101278909	166.461167600949	145.226422375124
"1/sp|P06999|K6PF2_ECOLI"	"ECOLI"	248.701706557587	236.768908262494	237.47539172008	1121.55220675724	1158.68236923341	1120.90063718269
"1/sp|P07001|PNTA_ECOLI"	"ECOLI"	NA	NA	NA	575.851586410998	477.218528295756	632.664137479284
"1/sp|P07003|POXB_ECOLI"	"ECOLI"	398.393849064503	416.168539184349	520.644697713413	1476.754377659	1440.00528476373	1466.40530968104
"1/sp|P07004|PROA_ECOLI"	"ECOLI"	NA	NA	NA	782.001032775146	257.699628274501	64.0970201896359
"1/sp|P07012|RF2_ECOLI"	"ECOLI"	NA	752.489530886987	NA	519.89489689988	858.562585679709	910.368922406714
"1/sp|P07014|DHSB_ECOLI"	"ECOLI"	NA	NA	57.5682791154723	487.854069881708	293.217359234461	446.415974239788
"1/sp|P07024|USHA_ECOLI"	"ECOLI"	NA	NA	NA	212.902073868628	168.509466061183	260.36578162661
"1/sp|P07099|HYEP_HUMAN"	"HUMAN"	1051.19801695749	1196.53690732924	372.562311441323	1166.17434012529	1081.9090954204	1117.42833227701
"1/sp|P07102|PPA_ECOLI"	"ECOLI"	NA	NA	NA	378.119832677536	409.05395664087	387.775990187307
"1/sp|P07108|ACBP_HUMAN"	"HUMAN"	395.186034753435	413.292874462333	401.449156417407	406.11593439292	NA	413.237375563421
"1/sp|P07118|SYV_ECOLI"	"ECOLI"	79.7070198771971	NA	NA	690.144787663286	667.838239153274	703.781966208902
"1/sp|P07195|LDHB_HUMAN"	"HUMAN"	12407.9161524987	12604.0114778536	12656.3229364075	12220.4871214653	12193.8689737085	12667.9539799141
"1/sp|P07203|GPX1_HUMAN"	"HUMAN"	697.188831557984	737.645681261148	758.762317165494	752.371219592389	756.92855181473	720.801887253115
"1/sp|P07237|PDIA1_HUMAN"	"HUMAN"	3982.64646257301	4177.54601467359	4112.69871282533	4080.13800857029	4234.46094658754	4447.73008482423
"1/sp|P07305|H10_HUMAN"	"HUMAN"	938.021820734934	939.719521191001	985.726600211665	966.166044464857	946.119267950785	982.35506561078
"1/sp|P07339|CATD_HUMAN"	"HUMAN"	1213.29555884488	1226.8250805984	1218.58583236273	1302.5752608745	1243.2292565088	1283.47538617269
"1/sp|P07355|ANXA2_HUMAN"	"HUMAN"	6034.84544302875	6424.1550009779	5830.99742177864	5721.27864173218	5912.18926973849	6134.62315476257
"1/sp|P07384|CAN1_HUMAN"	"HUMAN"	359.426141083107	381.648321779708	371.448841675705	365.98245141774	363.36036901911	388.339641571933
"1/sp|P07395|SYFB_ECOLI"	"ECOLI"	211.733436798295	190.981387529762	NA	764.439258812407	795.142594897668	740.045082747448
"1/sp|P07437|TBB5_HUMAN"	"HUMAN"	11879.6729209019	12055.5767349761	11252.8330761635	11051.1512718262	10691.8866253564	11309.174914541
"1/sp|P07464|THGA_ECOLI"	"ECOLI"	NA	NA	NA	NA	NA	212.229500997886
"1/sp|P07602|SAP_HUMAN"	"HUMAN"	2095.77941140529	2058.89686270721	2166.1960944426	2117.51402667039	2043.17108933915	2138.09791086709
"1/sp|P07604|TYRR_ECOLI"	"ECOLI"	NA	NA	NA	129.831808829278	NA	NA
"1/sp|P07650|TYPH_ECOLI"	"ECOLI"	NA	NA	573.018942909941	422.644418092706	708.818137956285	350.209851827027
"1/sp|P07686|HEXB_HUMAN"	"HUMAN"	832.44172452983	794.193682135682	872.284982854946	790.107811122907	850.887903973666	856.953828183125
"1/sp|P07737|PROF1_HUMAN"	"HUMAN"	7619.24622819855	7359.02501767966	7394.26001856597	7370.04081418202	7045.67469760593	7273.77284561628
"1/sp|P07741|APT_HUMAN"	"HUMAN"	935.315650710809	1027.52151704477	1065.349208591	1031.03809726198	964.435273508605	947.795758969888
"1/sp|P07762|GLGB_ECOLI"	"ECOLI"	NA	NA	NA	NA	NA	194.584951029785
"1/sp|P07813|SYL_ECOLI"	"ECOLI"	443.915810117325	427.480531882435	435.172016377183	1281.9578654249	1433.1624380362	1476.69632932883
"1/sp|P07814|SYEP_HUMAN"	"HUMAN"	1629.24926258775	1569.09023933097	1633.67113756155	1572.71962057905	1475.91557193831	1524.58236377253
"1/sp|P07858|CATB_HUMAN"	"HUMAN"	335.315997647406	339.89637432033	358.120779494544	385.292831331361	349.469873688092	373.281504401414
"1/sp|P07900|HS90A_HUMAN"	"HUMAN"	5693.04931747576	5393.33299900562	5419.57851824352	5609.50199564192	5314.1834435713	5500.70573740196
"1/sp|P07910|HNRPC_HUMAN"	"HUMAN"	11070.7588108511	11949.0559003668	11791.7023379695	11974.9984228178	11621.5263096656	12604.4693921728
"1/sp|P07913|TDH_ECOLI"	"ECOLI"	NA	NA	NA	351.910364512176	366.65719732556	348.224130803333
"1/sp|P07919|QCR6_HUMAN"	"HUMAN"	525.088772832485	530.142868117656	524.496342200228	517.063146513645	511.924496854578	513.541135112485
"1/sp|P07942|LAMB1_HUMAN"	"HUMAN"	NA	NA	NA	NA	86.5364808566305	NA
"1/sp|P07951|TPM2_HUMAN"	"HUMAN"	NA	NA	51.813266733433	50.7301105210207	65.5375746709413	51.2549765205635
"1/sp|P07954|FUMH_HUMAN"	"HUMAN"	1165.62854621055	1164.91674551695	1105.91458154678	1133.07930028681	1110.89072058115	1125.06056897317
"1/sp|P08107|HSP71_HUMAN"	"HUMAN"	4954.79323138957	5001.19339601434	4660.92396532053	5030.73017298005	4909.40944064045	5092.57248098937
"1/sp|P08133|ANXA6_HUMAN"	"HUMAN"	879.102915661241	936.302659324262	853.915184627206	822.323375563367	843.643797095809	847.114695048009
"1/sp|P08174|DAF_HUMAN"	"HUMAN"	3438.1427560623	3469.72008839296	3444.148321191	3714.82669197489	3446.28087702522	3561.40733791884
"1/sp|P08194|GLPT_ECOLI"	"ECOLI"	NA	NA	NA	NA	334.678474995095	NA
"1/sp|P08195|4F2_HUMAN"	"HUMAN"	7475.01018633946	7519.23700912866	7277.3658594098	7248.72422227637	6981.65371253826	7306.37665934707
"1/sp|P08200|IDH_ECOLI"	"ECOLI"	463.100074684426	456.129879914429	448.62599982324	1363.71103861355	1365.216973095	1344.09459309993
"1/sp|P08201|NIRB_ECOLI"	"ECOLI"	NA	NA	NA	419.805167132753	419.62242679187	273.837912000645
"1/sp|P08237|K6PF_HUMAN"	"HUMAN"	397.976419713235	409.792340008055	385.499226861414	399.406704366157	398.792527775781	412.501128503116
"1/sp|P08238|HS90B_HUMAN"	"HUMAN"	3884.76680530021	3859.76261976104	3701.21594249552	3539.00863597902	3338.60732748953	3705.08944181022
"1/sp|P08240|SRPR_HUMAN"	"HUMAN"	173.71652292835	162.002010068189	167.705144911739	229.652630131475	189.765591446388	251.141769552285
"1/sp|P08243|ASNS_HUMAN"	"HUMAN"	1894.29737427687	2048.29385350093	2105.33410225873	2120.63097387834	1976.58783861885	2126.78734695267
"1/sp|P08312|SYFA_ECOLI"	"ECOLI"	NA	NA	NA	489.767021066102	492.753001220525	483.232194234162
"1/sp|P08390|USG_ECOLI"	"ECOLI"	NA	NA	NA	NA	NA	88.7560564704933
"1/sp|P08506|DACC_ECOLI"	"ECOLI"	NA	NA	NA	292.227396370114	285.201348162961	394.886359307734
"1/sp|P08559|ODPA_HUMAN"	"HUMAN"	1322.3365671423	1299.03055935897	1397.50858300439	1416.62499851284	1256.73714306167	1299.05511316992
"1/sp|P08574|CY1_HUMAN"	"HUMAN"	2008.97650693654	1947.4748718422	1891.61690718217	1945.74939509224	1852.03325946734	1843.99687888413
"1/sp|P08579|RU2B_HUMAN"	"HUMAN"	618.446393029824	540.497256579337	561.78377874721	423.011275223334	457.637259939373	394.708182981316
"1/sp|P08621|RU17_HUMAN"	"HUMAN"	1053.64615230274	1091.00105908453	1062.69965639864	1149.85253985424	1094.23216071102	1055.46026546361
"1/sp|P08622|DNAJ_ECOLI"	"ECOLI"	NA	NA	NA	635.255735031076	632.581661909347	617.178582288774
"1/sp|P08648|ITA5_HUMAN"	"HUMAN"	293.320976313393	291.19054837609	401.943565653106	317.922822434772	474.942168303688	330.669719601126
"1/sp|P08670|VIME_HUMAN"	"HUMAN"	14511.5565715836	15095.4899320973	15102.2268908365	14467.8412558154	13852.1275772988	14896.8508264002
"1/sp|P08727|K1C19_HUMAN"	"HUMAN"	154.057923295111	NA	361.544346102793	111.373222458921	119.820217654948	141.55374620693
"1/sp|P08729|K2C7_HUMAN"	"HUMAN"	5183.03931032979	5209.03121937329	5301.92685360611	4964.0968144917	4866.49362069507	5032.01988996681
"1/sp|P08754|GNAI3_HUMAN"	"HUMAN"	NA	NA	NA	264.673928353014	253.092235805249	268.649647197781
"1/sp|P08758|ANXA5_HUMAN"	"HUMAN"	5747.39040572935	5480.53905736641	5621.54199841715	5413.75730646829	5079.54350165047	5467.89942567645
"1/sp|P08839|PT1_ECOLI"	"ECOLI"	800.466872296077	770.910083475374	765.979792312481	1990.85169982921	1963.89669675477	2123.38579542752
"1/sp|P08865|RSSA_HUMAN"	"HUMAN"	5830.443598061	6114.34670008172	6094.92659756057	5940.94549232321	5895.0727414845	5964.01268071578
"1/sp|P08997|MASY_ECOLI"	"ECOLI"	2094.02360953045	2069.3889721441	2172.79891536868	7832.22432531967	7908.90747445926	8245.29925225345
"1/sp|P09012|SNRPA_HUMAN"	"HUMAN"	347.721562973155	340.861798463832	370.216849625838	374.937115401323	425.862329001965	356.809515981945
"1/sp|P09030|EX3_ECOLI"	"ECOLI"	NA	NA	NA	195.975678281294	195.585691122853	195.778002879619
"1/sp|P09127|HEMX_ECOLI"	"ECOLI"	NA	NA	NA	533.634041625385	571.763000580419	557.120534044538
"1/sp|P09148|GAL7_ECOLI"	"ECOLI"	752.230772037698	749.654684128446	748.477508894929	2595.45531974379	2394.50057078289	2542.19407432895
"1/sp|P09152|NARG_ECOLI"	"ECOLI"	NA	NA	NA	429.101622436025	346.242481815741	369.543242288897
"1/sp|P09169|OMPT_ECOLI"	"ECOLI"	458.686695681403	537.287845760665	552.248041643326	1678.56105953249	1522.86746140754	1721.42841524797
"1/sp|P09211|GSTP1_HUMAN"	"HUMAN"	3061.18874925665	3255.88905591513	2883.23734832193	2846.1753029792	2737.22177810355	2921.06379235924
"1/sp|P09234|RU1C_HUMAN"	"HUMAN"	195.209583267934	192.578126130045	227.649693691661	192.256957679989	209.137144807825	189.526835623497
"1/sp|P09323|PTW3C_ECOLI"	"ECOLI"	NA	NA	NA	345.679665950936	309.929087258224	NA
"1/sp|P09372|GRPE_ECOLI"	"ECOLI"	701.18887075841	540.740475499784	759.247919306209	2689.9170160552	2693.90259142013	2736.56036548667
"1/sp|P09373|PFLB_ECOLI"	"ECOLI"	4378.89889791176	4455.10512323683	4389.73837756303	14754.3132478216	14736.4443685603	14921.3277300204
"1/sp|P09382|LEG1_HUMAN"	"HUMAN"	3495.27902618999	3409.971866346	3337.27844900336	3600.18848763667	3272.94845066527	3394.65134997259
"1/sp|P09394|GLPQ_ECOLI"	"ECOLI"	NA	NA	NA	247.055794490273	468.904192597226	449.383388323811
"1/sp|P09424|MTLD_ECOLI"	"ECOLI"	NA	NA	NA	419.18627078297	434.611321756925	443.137226868876
"1/sp|P09429|HMGB1_HUMAN"	"HUMAN"	1348.14908143319	1319.01568960184	1395.38151459289	1375.02944147677	1389.43619094874	1202.73295940985
"1/sp|P09493|TPM1_HUMAN"	"HUMAN"	356.361391255974	463.058123648848	446.445626359509	450.189095249714	528.422965444561	NA
"1/sp|P09496|CLCA_HUMAN"	"HUMAN"	1256.28784901149	1172.34732132564	1168.40783236428	1292.93783817887	1220.39922249241	1287.1894420767
"1/sp|P09497|CLCB_HUMAN"	"HUMAN"	548.453586424161	531.706382332267	172.641661623402	354.680177457656	487.682309748132	472.214518785283
"1/sp|P09525|ANXA4_HUMAN"	"HUMAN"	699.859830886742	425.039655378484	423.82815042406	420.753648289077	711.548986033017	386.331336626205
"1/sp|P09543|CN37_HUMAN"	"HUMAN"	574.150472605191	507.835257768601	539.071098700877	238.126301998524	224.495182710638	352.364675727531
"1/sp|P09546|PUTA_ECOLI"	"ECOLI"	NA	NA	NA	475.795090368936	414.090658787044	388.556574446272
"1/sp|P09551|ARGT_ECOLI"	"ECOLI"	NA	NA	NA	234.729482671033	215.968139876944	76.8230836371729
"1/sp|P09622|DLDH_HUMAN"	"HUMAN"	993.007713958646	951.567909640771	869.870567679537	920.978095162935	919.030581350252	954.606154031332
"1/sp|P09651|ROA1_HUMAN"	"HUMAN"	2424.00484264129	2282.4481541631	2449.00656165049	2542.11268882629	2430.00841129528	2506.45674863395
"1/sp|P09661|RU2A_HUMAN"	"HUMAN"	937.910568457539	878.995339065408	931.083354830648	961.200191098382	911.281406946439	1100.41208241404
"1/sp|P09669|COX6C_HUMAN"	"HUMAN"	564.10612578601	475.603506939895	481.139949220219	561.644443467271	539.670749356528	545.410445099193
"1/sp|P09874|PARP1_HUMAN"	"HUMAN"	2673.6933561892	2761.46992386287	2727.97249457522	2932.08270929517	2689.33778853202	2845.99693719384
"1/sp|P09960|LKHA4_HUMAN"	"HUMAN"	783.749008972465	794.349156783001	810.106785893135	771.731747618828	759.384058713562	738.059745100618
"1/sp|P09972|ALDOC_HUMAN"	"HUMAN"	1151.1015344991	1166.27350051835	1197.81061378391	1072.82563326471	1150.10885996572	1118.98999805172
"1/sp|P0A698|UVRA_ECOLI"	"ECOLI"	NA	NA	NA	222.737020425856	326.406133179608	302.116700829596
"1/sp|P0A6A3|ACKA_ECOLI"	"ECOLI"	451.001964628992	457.797072557181	451.197404361874	1526.18671341533	1531.94028531212	1568.57280680864
"1/sp|P0A6A8|ACP_ECOLI"	"ECOLI"	2159.06484545645	2142.38627045744	2131.74060765113	6436.25776437993	6327.47883871002	6449.35590402697
"1/sp|P0A6D3|AROA_ECOLI"	"ECOLI"	NA	123.223906543412	NA	141.201278454673	NA	NA
"1/sp|P0A6D7|AROK_ECOLI"	"ECOLI"	NA	NA	NA	257.785875566659	NA	NA
"1/sp|P0A6E4|ASSY_ECOLI"	"ECOLI"	NA	NA	NA	173.663516610094	NA	NA
"1/sp|P0A6E9|BIOD2_ECOLI"	"ECOLI"	NA	NA	NA	349.677042800982	363.149395596996	326.396297484317
"1/sp|P0A6F3|GLPK_ECOLI"	"ECOLI"	267.34864464826	178.655785545961	243.555979572035	781.701908435638	827.255926562029	834.799227593113
"1/sp|P0A6F5|CH60_ECOLI"	"ECOLI"	4583.52879071071	4733.91408489536	4575.7865025368	16944.0407254809	16423.3914113709	17282.0346944482
"1/sp|P0A6F9|CH10_ECOLI"	"ECOLI"	2388.93575360124	2388.20458303669	2525.215565929	8648.11628380061	8012.03071542209	8613.06437325704
"1/sp|P0A6G3|PNCC_ECOLI"	"ECOLI"	NA	NA	NA	NA	88.4406083447023	NA
"1/sp|P0A6G7|CLPP_ECOLI"	"ECOLI"	NA	NA	NA	783.331622499155	638.260379048411	720.943171253936
"1/sp|P0A6H1|CLPX_ECOLI"	"ECOLI"	NA	NA	NA	NA	351.351232260143	67.3116170613985
"1/sp|P0A6H5|HSLU_ECOLI"	"ECOLI"	NA	235.000127838407	NA	963.629216219561	1011.71965672481	1061.59689485273
"1/sp|P0A6H8|CLS_ECOLI"	"ECOLI"	NA	NA	NA	NA	NA	19.8700897734076
"1/sp|P0A6I0|KCY_ECOLI"	"ECOLI"	NA	NA	NA	260.477575372728	NA	195.257188006122
"1/sp|P0A6J5|DADA_ECOLI"	"ECOLI"	NA	976.907055416777	NA	293.124897493161	367.437167462642	303.024635529224
"1/sp|P0A6J8|DDLA_ECOLI"	"ECOLI"	NA	NA	NA	1178.57709829781	1079.7578292922	1130.18285425783
"1/sp|P0A6K3|DEF_ECOLI"	"ECOLI"	NA	NA	NA	340.161377858206	405.615751383068	336.976677942245
"1/sp|P0A6K6|DEOB_ECOLI"	"ECOLI"	902.210796906136	924.611761988579	889.4978101447	3145.38942744644	3265.43503095726	3382.12158661637
"1/sp|P0A6L0|DEOC_ECOLI"	"ECOLI"	449.554037441628	383.83536133017	407.033895042617	1013.2588217687	1002.46217089478	1023.01738323682
"1/sp|P0A6L2|DAPA_ECOLI"	"ECOLI"	237.006512680374	228.130439415454	239.637145654776	683.981650686167	687.477343079467	738.425662107193
"1/sp|P0A6L4|NANA_ECOLI"	"ECOLI"	NA	64.5952246581177	NA	520.076115949925	458.090699286404	477.928443556411
"1/sp|P0A6M8|EFG_ECOLI"	"ECOLI"	2593.50654618614	2377.9229036576	2512.72477430278	7733.9064842657	7803.53110945972	8278.480564104
"1/sp|P0A6N4|EFP_ECOLI"	"ECOLI"	94.8981054538662	90.9984171966616	112.476137828833	477.973344235873	447.948277638931	513.323163203456
"1/sp|P0A6N8|EFPL_ECOLI"	"ECOLI"	NA	NA	462.366729149795	824.533241426844	782.729466913623	758.310537251938
"1/sp|P0A6P1|EFTS_ECOLI"	"ECOLI"	1151.81706615219	1446.88673837075	1313.12518351686	4336.32682624751	4184.72352119519	4461.94554154365
"1/sp|P0A6P5|DER_ECOLI"	"ECOLI"	NA	NA	NA	386.612885973862	442.403399531923	437.187349708698
"1/sp|P0A6P9|ENO_ECOLI"	"ECOLI"	2724.98939119119	2734.82898564559	2704.94615405227	9434.31137308687	8956.06725922732	9544.17871602084
"1/sp|P0A6Q3|FABA_ECOLI"	"ECOLI"	240.36607618836	261.160764170266	356.492096251335	1292.1302028896	1280.71252250815	1301.2339028583
"1/sp|P0A6Q6|FABZ_ECOLI"	"ECOLI"	182.836594873888	141.842882082258	131.46083387948	704.770340203833	707.877961237736	762.444597222725
"1/sp|P0A6R0|FABH_ECOLI"	"ECOLI"	NA	NA	NA	621.864114631804	607.77295265268	602.03252186124
"1/sp|P0A6S7|GPDA_ECOLI"	"ECOLI"	NA	NA	NA	164.785130445185	495.55361183066	195.40273345064
"1/sp|P0A6T1|G6PI_ECOLI"	"ECOLI"	645.667705081394	655.48408787962	707.95005549223	2160.56825804247	2139.39411268066	2075.66217086483
"1/sp|P0A6T5|GCH1_ECOLI"	"ECOLI"	NA	NA	NA	194.011808690721	NA	NA
"1/sp|P0A6U8|GLGA_ECOLI"	"ECOLI"	NA	NA	NA	385.228129602284	388.78411012258	389.280904134814
"1/sp|P0A6V1|GLGC_ECOLI"	"ECOLI"	NA	NA	NA	123.386987212639	138.006467034711	NA
"1/sp|P0A6V8|GLK_ECOLI"	"ECOLI"	399.656061920647	326.989379041625	251.999983958793	1012.38145290842	1064.74823411326	1109.6073023614
"1/sp|P0A6W5|GREA_ECOLI"	"ECOLI"	NA	372.928446668952	NA	857.804606840984	756.361197093964	270.06029791026
"1/sp|P0A6W9|GSH1_ECOLI"	"ECOLI"	NA	NA	NA	NA	83.0464514707931	NA
"1/sp|P0A6X7|IHFA_ECOLI"	"ECOLI"	524.241775108308	510.726483101462	555.832253607386	1929.9055874649	1958.14232114191	2037.21408150129
"1/sp|P0A6Y1|IHFB_ECOLI"	"ECOLI"	NA	NA	NA	214.350017307107	361.722013723272	282.626519807682
"1/sp|P0A6Y5|HSLO_ECOLI"	"ECOLI"	NA	NA	NA	376.470604932656	367.386068743219	399.683681133711
"1/sp|P0A6Y8|DNAK_ECOLI"	"ECOLI"	4422.00076188974	4701.56416204098	4340.05687465643	10295.6878363075	11697.8238007642	10745.893679654
"1/sp|P0A6Z3|HTPG_ECOLI"	"ECOLI"	304.015853654686	315.560785607362	321.197875659565	1071.95083591615	1400.22308646018	1461.24123484978
"1/sp|P0A705|IF2_ECOLI"	"ECOLI"	418.088606057286	492.306202607277	443.082580635749	1068.07239295535	1109.32987764185	1145.8065527113
"1/sp|P0A707|IF3_ECOLI"	"ECOLI"	474.450400031196	453.034105934603	360.591397858916	1403.99724751344	1360.89152586947	1376.04934790897
"1/sp|P0A715|KDSA_ECOLI"	"ECOLI"	NA	NA	NA	533.214612218633	516.402889183622	547.818967424784
"1/sp|P0A717|KPRS_ECOLI"	"ECOLI"	532.884394282213	478.299626373463	507.701418843093	1373.23191592641	1354.46609556542	1414.30264685978
"1/sp|P0A722|LPXA_ECOLI"	"ECOLI"	NA	NA	NA	NA	566.813014688213	509.278945879623
"1/sp|P0A725|LPXC_ECOLI"	"ECOLI"	NA	NA	NA	NA	95.5411471171838	NA
"1/sp|P0A729|YCEF_ECOLI"	"ECOLI"	NA	NA	NA	233.470500493705	260.059184032795	277.034042734568
"1/sp|P0A734|MINE_ECOLI"	"ECOLI"	NA	NA	NA	NA	160.87840338393	NA
"1/sp|P0A744|MSRA_ECOLI"	"ECOLI"	NA	NA	NA	161.365824389467	152.121091596845	179.506977954043
"1/sp|P0A749|MURA_ECOLI"	"ECOLI"	NA	NA	NA	NA	130.976868765671	NA
"1/sp|P0A759|NAGB_ECOLI"	"ECOLI"	NA	NA	NA	200.564596983153	668.896636130912	722.786484692467
"1/sp|P0A761|NANE_ECOLI"	"ECOLI"	NA	NA	NA	254.517269002853	255.735179177432	238.84703514292
"1/sp|P0A763|NDK_ECOLI"	"ECOLI"	NA	NA	NA	151.106449627927	135.281195944565	325.451140229041
"1/sp|P0A780|NUSB_ECOLI"	"ECOLI"	NA	NA	NA	273.564096410793	293.053511775222	246.225667788543
"1/sp|P0A784|ORN_ECOLI"	"ECOLI"	NA	NA	NA	309.777708190096	192.407096857193	321.662178903162
"1/sp|P0A794|PDXJ_ECOLI"	"ECOLI"	NA	NA	NA	258.401284959593	251.052589016938	186.316996417664
"1/sp|P0A796|K6PF1_ECOLI"	"ECOLI"	2013.27372611958	1880.85104236422	1025.69130872559	3827.61928412556	3701.18339549829	3876.31970453657
"1/sp|P0A799|PGK_ECOLI"	"ECOLI"	13589.325517663	13776.7646755497	13443.6570769961	47481.3967816108	45224.0187145111	47920.676069604
"1/sp|P0A7A7|PLSB_ECOLI"	"ECOLI"	NA	NA	NA	123.413215348831	78.7144792281098	141.106656819054
"1/sp|P0A7A9|IPYR_ECOLI"	"ECOLI"	499.887112980646	1161.8495919192	603.883329952015	3074.79214186727	2979.79488855073	3444.18906112425
"1/sp|P0A7B5|PROB_ECOLI"	"ECOLI"	NA	NA	NA	363.387255625025	NA	72.091133585775
"1/sp|P0A7C6|PEPE_ECOLI"	"ECOLI"	NA	NA	NA	208.139533587926	253.642790276672	198.143685604068
"1/sp|P0A7D1|PTH_ECOLI"	"ECOLI"	NA	NA	NA	NA	NA	113.195805735089
"1/sp|P0A7D4|PURA_ECOLI"	"ECOLI"	599.899220216469	876.202287527355	782.737863814214	2812.53152867848	2734.45781401986	2778.13641617042
"1/sp|P0A7D7|PUR7_ECOLI"	"ECOLI"	NA	NA	NA	NA	145.301826682389	NA
"1/sp|P0A7E5|PYRG_ECOLI"	"ECOLI"	186.032753720257	203.672482550243	212.85419181351	680.344011676899	720.455615870254	712.366591483947
"1/sp|P0A7E9|PYRH_ECOLI"	"ECOLI"	NA	NA	NA	NA	327.044835851955	NA
"1/sp|P0A7G2|RBFA_ECOLI"	"ECOLI"	80.3116284813022	NA	NA	554.167093501001	391.266519010985	359.035423386477
"1/sp|P0A7G6|RECA_ECOLI"	"ECOLI"	250.019126432466	230.22290238254	371.004074361417	1055.85249086855	1073.78554060257	1075.31947533935
"1/sp|P0A7I4|RF3_ECOLI"	"ECOLI"	NA	NA	NA	260.651392337887	NA	NA
"1/sp|P0A7J3|RL10_ECOLI"	"ECOLI"	2817.68265166945	2898.73062586989	2816.48784817954	10368.445084461	10254.8502894061	10578.9107752522
"1/sp|P0A7J7|RL11_ECOLI"	"ECOLI"	1268.60673128393	1329.78876978493	1374.43708127594	5218.18903688794	4933.417797002	5147.75107091839
"1/sp|P0A7K2|RL7_ECOLI"	"ECOLI"	2088.78156382528	2099.05720897619	1957.89630082307	7116.28048169327	7061.16803222039	7561.53677476529
"1/sp|P0A7K6|RL19_ECOLI"	"ECOLI"	732.645289939439	768.513905021703	681.520954737697	2085.57700113273	2027.95727847876	1994.22623067336
"1/sp|P0A7L0|RL1_ECOLI"	"ECOLI"	1870.67922629951	1894.48171194198	1784.54468066756	7188.95225574922	7064.97567302324	7282.26401690598
"1/sp|P0A7L3|RL20_ECOLI"	"ECOLI"	443.908249068549	591.129513444722	600.383651752054	2151.04610127099	2200.68604199114	2268.04420045303
"1/sp|P0A7L8|RL27_ECOLI"	"ECOLI"	NA	NA	NA	1136.71382713143	1130.4323481109	1226.20144725246
"1/sp|P0A7M2|RL28_ECOLI"	"ECOLI"	1368.19181564687	1867.18565265405	1768.51634749816	5595.1777398707	5563.47009080372	5687.15616549244
"1/sp|P0A7M6|RL29_ECOLI"	"ECOLI"	391.410434594173	386.336287409296	361.195197028977	1346.09789103882	1287.07976136883	1342.84704996043
"1/sp|P0A7M9|RL31_ECOLI"	"ECOLI"	153.615536378695	164.920026245382	194.448353513331	751.38148398091	558.074267790538	731.03842077214
"1/sp|P0A7N4|RL32_ECOLI"	"ECOLI"	181.035256296317	298.218796201716	330.258914924874	1084.06879168689	978.429228496787	1041.27759232537
"1/sp|P0A7N9|RL33_ECOLI"	"ECOLI"	388.666688678891	402.873858776369	350.577758910181	1295.27905054376	1266.4237753177	1459.15285501805
"1/sp|P0A7P5|RL34_ECOLI"	"ECOLI"	427.301395043132	NA	NA	NA	NA	NA
"1/sp|P0A7R1|RL9_ECOLI"	"ECOLI"	1848.33604513131	2037.7045013952	1908.57916129009	6292.65215787538	6172.17288849582	6511.03372475239
"1/sp|P0A7R5|RS10_ECOLI"	"ECOLI"	3659.16575027729	3662.73389032889	3616.29585520944	9006.36933394576	8909.35325044415	9513.47375125899
"1/sp|P0A7R9|RS11_ECOLI"	"ECOLI"	1490.18572026712	1557.09247328766	1420.52042386716	5067.47885145491	5110.75278810929	5313.74763843673
"1/sp|P0A7S3|RS12_ECOLI"	"ECOLI"	914.775747363246	901.964818049357	846.825922671274	3655.659600149	3483.54273552985	3598.53778769639
"1/sp|P0A7S9|RS13_ECOLI"	"ECOLI"	1268.48919619174	1371.62980222821	1653.933222032	4002.19279509666	3856.59034345268	3850.61692730435
"1/sp|P0A7T3|RS16_ECOLI"	"ECOLI"	755.065820996008	654.653471885416	NA	1950.49493306219	1985.94012984054	1988.08673943402
"1/sp|P0A7T7|RS18_ECOLI"	"ECOLI"	1056.47999203168	1075.63022374333	1061.88389320775	3265.66229063653	3064.33288368337	3275.5429669835
"1/sp|P0A7U3|RS19_ECOLI"	"ECOLI"	860.089317568452	872.680851056598	761.706992171801	2515.76525363371	2650.0398283028	2695.42909909556
"1/sp|P0A7U7|RS20_ECOLI"	"ECOLI"	986.266811108572	1004.80264778109	965.041923828176	3238.0763519162	3206.67304567462	3238.55591607343
"1/sp|P0A7V0|RS2_ECOLI"	"ECOLI"	698.346977797606	788.004198029677	674.062898567831	2698.14715063768	2480.71197797101	2625.05169395254
"1/sp|P0A7V3|RS3_ECOLI"	"ECOLI"	1499.35419251716	1495.52933647552	1497.7771996126	5087.86927528604	5018.55440344493	5530.57151020387
"1/sp|P0A7V8|RS4_ECOLI"	"ECOLI"	2215.01766434589	2112.13527935316	2084.55621704737	7088.07774365039	6778.74959240852	7177.04231545587
"1/sp|P0A7W1|RS5_ECOLI"	"ECOLI"	1769.0590475435	1846.8596443081	1768.67226090698	6178.56825703934	5875.04531910007	6256.06771178868
"1/sp|P0A7W7|RS8_ECOLI"	"ECOLI"	1196.96376432711	1258.07022652174	1120.46934546686	3983.25980125839	3832.45154397456	4099.45239382728
"1/sp|P0A7X3|RS9_ECOLI"	"ECOLI"	1362.92266106331	1368.83095241017	1339.5744492192	4057.31525721073	4066.71790209241	4305.43292629951
"1/sp|P0A7Z0|RPIA_ECOLI"	"ECOLI"	94.6923029767946	NA	78.4799196605079	810.717868796322	755.472615714247	833.743744494715
"1/sp|P0A7Z4|RPOA_ECOLI"	"ECOLI"	881.260331044394	895.954405278789	910.674173900242	3215.22062095707	3068.86559781485	3265.51001007937
"1/sp|P0A800|RPOZ_ECOLI"	"ECOLI"	NA	NA	NA	276.327056395448	232.988200226199	235.593842640118
"1/sp|P0A805|RRF_ECOLI"	"ECOLI"	477.893749615104	432.549230477419	422.402603111443	1380.69196573512	1270.92680141917	1319.22802862237
"1/sp|P0A817|METK_ECOLI"	"ECOLI"	76.5491278619136	NA	70.3852947832777	710.105975828915	719.567536646733	745.607406735004
"1/sp|P0A825|GLYA_ECOLI"	"ECOLI"	465.709035307972	602.50643366383	553.33280063415	1881.15133663219	1911.92662104849	1896.10444949462
"1/sp|P0A836|SUCC_ECOLI"	"ECOLI"	417.316559591443	301.923588123311	353.774370860539	1471.83658400943	1624.34520387529	1537.71116733644
"1/sp|P0A850|TIG_ECOLI"	"ECOLI"	705.156904702739	954.590740117933	740.599502989735	1934.42339461907	1929.37791215387	1997.27500161631
"1/sp|P0A853|TNAA_ECOLI"	"ECOLI"	11701.0659659837	11653.0495675512	11760.2571517336	43075.7909028601	39758.8237077053	43040.4637631464
"1/sp|P0A855|TOLB_ECOLI"	"ECOLI"	NA	NA	NA	647.948094515962	672.584574944599	679.850649841669
"1/sp|P0A858|TPIS_ECOLI"	"ECOLI"	978.032597319821	955.234371456655	983.771524849992	3697.74466288944	3589.78109040041	3778.13295829269
"1/sp|P0A862|TPX_ECOLI"	"ECOLI"	1368.10141709121	1367.43410290541	1438.53208583683	4470.58058528018	4148.90430155162	4465.3090194005
"1/sp|P0A867|TALA_ECOLI"	"ECOLI"	1069.86333445408	1241.24423772229	1191.87239975057	4219.59067542384	4300.63302406288	4536.56636391647
"1/sp|P0A870|TALB_ECOLI"	"ECOLI"	1220.53979313094	1340.30943504548	1295.45444166367	4419.57588646918	4550.19276776343	4581.75331534817
"1/sp|P0A877|TRPA_ECOLI"	"ECOLI"	NA	NA	NA	NA	74.2489852494008	NA
"1/sp|P0A887|UBIE_ECOLI"	"ECOLI"	NA	NA	NA	311.953089536692	338.403010848567	385.008700774211
"1/sp|P0A8A0|YEBC_ECOLI"	"ECOLI"	NA	NA	179.761553331716	463.694752208144	470.822504515991	474.38017168078
"1/sp|P0A8B5|YBAB_ECOLI"	"ECOLI"	NA	NA	NA	49.0626100295884	112.604527501525	92.3557442974364
"1/sp|P0A8D0|NRDR_ECOLI"	"ECOLI"	NA	NA	NA	250.054855629093	NA	108.62912265819
"1/sp|P0A8D6|YMDB_ECOLI"	"ECOLI"	NA	NA	NA	201.850698141692	NA	456.121071619857
"1/sp|P0A8E1|YCFP_ECOLI"	"ECOLI"	NA	NA	133.593733526804	918.527111306834	936.838987715762	907.851067439029
"1/sp|P0A8E7|YAJQ_ECOLI"	"ECOLI"	473.611079445481	470.292044048383	518.18692643421	1317.72857450388	1307.52095025358	1333.54042432587
"1/sp|P0A8F0|UPP_ECOLI"	"ECOLI"	373.281712797714	431.379431810346	408.360882950082	1305.78818794699	1275.4964133503	1309.62866409257
"1/sp|P0A8G3|UXAC_ECOLI"	"ECOLI"	NA	NA	NA	190.494887571978	300.820152237333	268.118338191686
"1/sp|P0A8G6|NQOR_ECOLI"	"ECOLI"	846.593997294025	801.839734316578	861.031692410352	3597.55099358331	3628.61630224082	3655.26569551027
"1/sp|P0A8I5|TRMB_ECOLI"	"ECOLI"	NA	NA	NA	NA	NA	173.433480474849
"1/sp|P0A8J4|YBED_ECOLI"	"ECOLI"	NA	NA	NA	205.456788081716	163.999375064785	NA
"1/sp|P0A8J8|RHLB_ECOLI"	"ECOLI"	NA	NA	NA	387.637122379815	361.196492500143	320.786453435878
"1/sp|P0A8K1|PSD_ECOLI"	"ECOLI"	NA	NA	NA	211.175793664029	293.439927299163	134.80833286639
"1/sp|P0A8L1|SYS_ECOLI"	"ECOLI"	350.536938501634	327.229937755344	361.480465173674	1080.01872387577	1031.27447190874	1307.26172663408
"1/sp|P0A8M0|SYN_ECOLI"	"ECOLI"	438.160892547563	438.667600754971	422.508990921522	1160.83844000689	1236.07645363599	1195.12658423593
"1/sp|P0A8M3|SYT_ECOLI"	"ECOLI"	NA	NA	NA	713.790642883	571.92196205757	560.425031844573
"1/sp|P0A8M6|YEEX_ECOLI"	"ECOLI"	NA	NA	NA	561.550788396978	280.782120589093	275.849650542771
"1/sp|P0A8N3|SYK1_ECOLI"	"ECOLI"	NA	NA	144.898820303155	645.781824301479	669.570310334314	738.943004461873
"1/sp|P0A8N5|SYK2_ECOLI"	"ECOLI"	1250.87577760915	946.236226732017	896.783896190849	2981.83535318809	2921.25002818346	3222.39110005147
"1/sp|P0A8P3|FETP_ECOLI"	"ECOLI"	NA	NA	NA	590.407161337829	485.022277173846	630.632106540376
"1/sp|P0A8R0|RRAA_ECOLI"	"ECOLI"	NA	NA	229.987212915343	740.990415216558	512.480327906954	757.040011173159
"1/sp|P0A8T7|RPOC_ECOLI"	"ECOLI"	917.129224645966	708.741797496311	883.85874511033	2220.42681522307	2343.7919479011	2511.29906784884
"1/sp|P0A8V2|RPOB_ECOLI"	"ECOLI"	783.408279021805	722.979976643212	905.705712814871	2332.28947249171	2216.70978587691	2350.56242708197
"1/sp|P0A8W2|SLYA_ECOLI"	"ECOLI"	NA	NA	NA	392.223476790685	452.837597332048	NA
"1/sp|P0A8W8|YFBU_ECOLI"	"ECOLI"	403.798341260149	422.17700003216	391.829739703693	1144.75383516459	1135.51155204016	1152.97923991821
"1/sp|P0A8X0|YJGA_ECOLI"	"ECOLI"	NA	NA	NA	472.01677593411	296.426128976823	715.115226521921
"1/sp|P0A8Y3|YIHX_ECOLI"	"ECOLI"	NA	NA	NA	297.346446711639	NA	256.660425269714
"1/sp|P0A8Y5|YIDA_ECOLI"	"ECOLI"	NA	NA	NA	123.989580806992	157.894426906603	202.449601839392
"1/sp|P0A903|BAMC_ECOLI"	"ECOLI"	NA	NA	NA	601.216888548715	817.4368959039	776.416732069461
"1/sp|P0A905|SLYB_ECOLI"	"ECOLI"	309.947576699025	271.616188250678	296.74737006196	1162.78835829038	1121.3148543603	1216.1596687763
"1/sp|P0A908|MIPA_ECOLI"	"ECOLI"	NA	NA	NA	NA	118.682359280714	156.355253674803
"1/sp|P0A910|OMPA_ECOLI"	"ECOLI"	5943.52428349501	6343.1755630006	6056.80224141227	21663.9402315971	21437.7764809024	22919.1619507274
"1/sp|P0A912|PAL_ECOLI"	"ECOLI"	NA	NA	NA	400.598452598172	469.994294839081	449.605149104686
"1/sp|P0A915|OMPW_ECOLI"	"ECOLI"	262.143422158146	NA	NA	944.894476479586	1032.61199645364	961.795188557845
"1/sp|P0A927|TSX_ECOLI"	"ECOLI"	NA	NA	NA	223.372420572281	236.111259166619	252.191889335289
"1/sp|P0A940|BAMA_ECOLI"	"ECOLI"	NA	NA	NA	503.658870652452	516.189392755729	523.769676558055
"1/sp|P0A953|FABB_ECOLI"	"ECOLI"	901.871294861501	873.313933970923	876.031992497195	2895.11470459027	2824.70147260376	2952.06726841945
"1/sp|P0A955|ALKH_ECOLI"	"ECOLI"	449.690850452116	436.034459045593	446.930722371655	1562.86463693993	1673.87610015999	1707.0105280382
"1/sp|P0A972|CSPE_ECOLI"	"ECOLI"	NA	NA	NA	627.526902798112	585.959609062144	676.762601405569
"1/sp|P0A988|DPO3B_ECOLI"	"ECOLI"	NA	3006.57224720074	2806.16399953983	173.830202027067	218.567505294104	229.450368919659
"1/sp|P0A991|ALF1_ECOLI"	"ECOLI"	1425.74445742291	1472.5176272819	1407.46609115752	3714.25222302954	3537.92428492998	3451.402769323
"1/sp|P0A998|FTNA_ECOLI"	"ECOLI"	332.659139033668	341.363158335522	341.258287995808	832.173144014987	817.645467096578	820.161131436579
"1/sp|P0A9A6|FTSZ_ECOLI"	"ECOLI"	226.314074780597	NA	205.700445614602	511.242497975529	520.394041218891	529.141920191125
"1/sp|P0A9A9|FUR_ECOLI"	"ECOLI"	NA	NA	NA	229.964553008658	240.376731251742	214.390485291073
"1/sp|P0A9B2|G3P1_ECOLI"	"ECOLI"	11601.4649848405	11330.8584848336	11180.8402416457	25474.2192462489	24446.1312566942	25983.9435111429
"1/sp|P0A9B6|E4PD_ECOLI"	"ECOLI"	83.4524481832187	NA	96.1541863733655	458.996398965763	493.391784563128	528.844597340965
"1/sp|P0A9C0|GLPA_ECOLI"	"ECOLI"	NA	NA	NA	NA	NA	63.4829282439306
"1/sp|P0A9C3|GALM_ECOLI"	"ECOLI"	NA	NA	NA	419.145999303662	429.393360291579	398.134382617195
"1/sp|P0A9C5|GLNA_ECOLI"	"ECOLI"	NA	NA	NA	676.153987411436	696.180938086313	749.757803886518
"1/sp|P0A9C9|GLPX_ECOLI"	"ECOLI"	1933.65430926224	NA	NA	1507.64303213234	1428.16047434068	NA
"1/sp|P0A9D2|GSTA_ECOLI"	"ECOLI"	NA	NA	NA	343.945304605035	255.321953179009	204.902083307629
"1/sp|P0A9D8|DAPD_ECOLI"	"ECOLI"	758.695400120114	753.848279191694	765.633959930724	2449.58147195202	2508.36653944164	2584.9156344389
"1/sp|P0A9G6|ACEA_ECOLI"	"ECOLI"	7406.64546697966	7709.41254140242	7471.37327332415	25702.6916540052	24314.7210855667	25860.0092457777
"1/sp|P0A9H1|MUG_ECOLI"	"ECOLI"	NA	NA	NA	258.22488945084	235.547567132168	184.250985456674
"1/sp|P0A9H3|LDCI_ECOLI"	"ECOLI"	35.789072197567	121.754758174608	NA	521.620093950139	518.544329213714	500.365604387908
"1/sp|P0A9J6|RBSK_ECOLI"	"ECOLI"	NA	NA	NA	585.273842965581	569.030251029259	599.985167132274
"1/sp|P0A9J8|PHEA_ECOLI"	"ECOLI"	NA	NA	NA	492.512511490443	473.571230876422	464.537094878414
"1/sp|P0A9K3|PHOL_ECOLI"	"ECOLI"	176.504569569855	124.627773653409	192.823059431348	584.665033681897	727.983005959612	648.670057885879
"1/sp|P0A9L3|FKBB_ECOLI"	"ECOLI"	100.606519608069	NA	130.939199129676	471.802802648336	391.577806374907	471.780789358751
"1/sp|P0A9L8|P5CR_ECOLI"	"ECOLI"	NA	201.721101145875	NA	572.905097516865	626.362854775697	564.834658692964
"1/sp|P0A9M0|LON_ECOLI"	"ECOLI"	723.233901941609	81.8468687635321	70.9275489295112	1073.18423848093	1101.21991956258	1156.36652424247
"1/sp|P0A9M2|HPRT_ECOLI"	"ECOLI"	NA	NA	NA	410.539320600726	263.255165105869	284.195748552041
"1/sp|P0A9M5|XGPT_ECOLI"	"ECOLI"	NA	NA	NA	110.302095938701	92.4584723557892	47.3299215291743
"1/sp|P0A9M8|PTA_ECOLI"	"ECOLI"	634.459805655075	548.015507235694	576.487165863657	2558.01870437577	2374.49833537077	2472.09737442153
"1/sp|P0A9N4|PFLA_ECOLI"	"ECOLI"	NA	NA	NA	269.852966117288	287.938569882191	263.098734445787
"1/sp|P0A9P0|DLDH_ECOLI"	"ECOLI"	457.923676374718	474.911099167069	453.152025440976	1704.12665207603	1647.36687791501	1687.7079138013
"1/sp|P0A9P4|TRXB_ECOLI"	"ECOLI"	NA	NA	NA	399.580202362165	349.16021468229	253.880182523939
"1/sp|P0A9Q1|ARCA_ECOLI"	"ECOLI"	204.01246223883	297.514365177241	307.692809848413	910.803737032646	904.86560902907	920.672219027917
"1/sp|P0A9Q5|ACCD_ECOLI"	"ECOLI"	510.638466776835	341.042923100821	NA	858.049523365391	1321.60367923167	1229.14578233113
"1/sp|P0A9Q7|ADHE_ECOLI"	"ECOLI"	3034.68814147338	3159.74536615848	3059.55344318976	10732.4697772036	10604.6758979235	11355.8260887115
"1/sp|P0A9Q9|DHAS_ECOLI"	"ECOLI"	125.459809539936	147.807130029652	179.12273051701	1301.47778472063	1325.54750732167	703.246884078457
"1/sp|P0A9S1|FUCO_ECOLI"	"ECOLI"	NA	NA	NA	172.232180959819	NA	179.810722508619
"1/sp|P0A9S5|GLDA_ECOLI"	"ECOLI"	NA	NA	NA	275.836980445066	294.12839191905	297.547663725898
"1/sp|P0A9T0|SERA_ECOLI"	"ECOLI"	NA	NA	NA	500.336264969699	509.123981379951	493.384155450947
"1/sp|P0A9T4|TAS_ECOLI"	"ECOLI"	NA	NA	NA	756.861095098866	747.987034409034	779.082003233145
"1/sp|P0A9V1|LPTB_ECOLI"	"ECOLI"	NA	NA	NA	487.861111731154	461.81044015391	256.167567630818
"1/sp|P0A9W3|YJJK_ECOLI"	"ECOLI"	1471.84196300576	1322.04832998719	444.823642519623	2595.65494828573	2468.27019075053	2435.5977633969
"1/sp|P0A9X4|MREB_ECOLI"	"ECOLI"	507.965116179211	539.747837982133	538.990714671738	1762.69210509386	1702.17804990754	1832.13498475933
"1/sp|P0A9Y6|CSPC_ECOLI"	"ECOLI"	NA	NA	NA	377.253089425084	404.972177554439	441.055543658034
"1/sp|P0A9Z1|GLNB_ECOLI"	"ECOLI"	NA	NA	NA	NA	209.965801863218	NA
"1/sp|P0AA04|PTHP_ECOLI"	"ECOLI"	NA	209.569023769897	NA	605.503145862108	613.728965626355	633.703111676652
"1/sp|P0AA10|RL13_ECOLI"	"ECOLI"	403.334110947858	526.169654113045	359.147598772783	1679.22600915696	1632.68946373467	1629.77063680943
"1/sp|P0AA16|OMPR_ECOLI"	"ECOLI"	NA	54.6129640876457	61.4334099539154	575.118647823928	657.545340883367	565.461806448519
"1/sp|P0AA25|THIO_ECOLI"	"ECOLI"	330.271371229298	280.819218469329	276.425603799928	915.186250909908	912.74224720948	909.998301800812
"1/sp|P0AA39|RLUC_ECOLI"	"ECOLI"	NA	NA	NA	NA	NA	250.963149382685
"1/sp|P0AA91|YEAY_ECOLI"	"ECOLI"	NA	NA	NA	191.9528086227	319.821690076605	215.650188644096
"1/sp|P0AAA1|YAGU_ECOLI"	"ECOLI"	NA	NA	NA	314.407964790741	234.168332598812	317.799186457763
"1/sp|P0AAB6|GALF_ECOLI"	"ECOLI"	NA	NA	NA	283.193148218958	251.548440462601	214.599208006066
"1/sp|P0AAB8|USPD_ECOLI"	"ECOLI"	NA	NA	99.654959813335	337.054022542558	480.445470084227	316.367644477284
"1/sp|P0AAC0|USPE_ECOLI"	"ECOLI"	163.753515314268	104.575760786595	106.427257148405	439.543183818312	428.131713005396	453.336645036962
"1/sp|P0AAI3|FTSH_ECOLI"	"ECOLI"	97.1306033521691	142.138437411405	254.189002463301	823.933844353139	802.648769886748	839.753731709991
"1/sp|P0AAI5|FABF_ECOLI"	"ECOLI"	NA	NA	NA	696.514748026603	804.068135570067	710.620588775612
"1/sp|P0AAI9|FABD_ECOLI"	"ECOLI"	NA	NA	NA	401.90096867244	520.421207461332	512.32236397916
"1/sp|P0AAJ5|FDOH_ECOLI"	"ECOLI"	NA	NA	NA	71.3292702945917	73.9029631805562	55.6060359577073
"1/sp|P0AAT9|YBEL_ECOLI"	"ECOLI"	467.347364153478	493.005098723118	NA	1882.81210233232	1793.67017714861	1845.47589609196
"1/sp|P0AAV6|YBGS_ECOLI"	"ECOLI"	NA	NA	NA	NA	NA	59.7887714809268
"1/sp|P0AAX8|YBIS_ECOLI"	"ECOLI"	NA	NA	NA	90.8982746556201	81.0853394280211	90.0907680680643
"1/sp|P0AB14|YCCJ_ECOLI"	"ECOLI"	NA	NA	NA	246.628917541996	181.022129332979	NA
"1/sp|P0AB28|YCED_ECOLI"	"ECOLI"	NA	NA	NA	96.0961238464683	105.924654261488	NA
"1/sp|P0AB38|LPOB_ECOLI"	"ECOLI"	NA	NA	NA	330.403059481645	383.002013683106	347.498119999519
"1/sp|P0AB43|YCGL_ECOLI"	"ECOLI"	NA	NA	NA	NA	296.596192419767	NA
"1/sp|P0AB52|YCHN_ECOLI"	"ECOLI"	NA	NA	NA	288.441502413272	295.273098220535	256.787472594395
"1/sp|P0AB61|YCIN_ECOLI"	"ECOLI"	NA	NA	NA	223.647832273557	207.138330299718	217.776951572519
"1/sp|P0AB67|PNTB_ECOLI"	"ECOLI"	NA	NA	NA	NA	212.649888560172	235.327462614692
"1/sp|P0AB71|ALF_ECOLI"	"ECOLI"	4496.03984750722	4267.94181776745	4118.6709347171	13802.9346515127	13222.9939968583	14033.1292147457
"1/sp|P0AB77|KBL_ECOLI"	"ECOLI"	126.459143635977	82.6772572270949	NA	601.903478420771	572.968766082297	568.652963488005
"1/sp|P0AB80|ILVE_ECOLI"	"ECOLI"	NA	NA	NA	239.8211911562	290.450602459536	319.98464535111
"1/sp|P0AB89|PUR8_ECOLI"	"ECOLI"	NA	NA	NA	229.684094962944	263.120306333003	177.75563201935
"1/sp|P0AB91|AROG_ECOLI"	"ECOLI"	NA	175.605350035402	172.574517396717	674.738876876888	671.914148384187	713.954716325767
"1/sp|P0ABA0|ATPF_ECOLI"	"ECOLI"	226.171896826753	205.16475940498	310.838638284611	1009.26871078406	1060.89160120273	1090.85604486074
"1/sp|P0ABA4|ATPD_ECOLI"	"ECOLI"	162.103622619705	146.811491378495	135.59901653433	556.871606922789	521.857109469988	623.433298100786
"1/sp|P0ABA6|ATPG_ECOLI"	"ECOLI"	NA	NA	NA	1214.88300346906	1288.10403490197	1046.5363915783
"1/sp|P0ABB0|ATPA_ECOLI"	"ECOLI"	1304.03100349971	1322.75360657036	1303.04311827228	4144.00501224567	4002.75073477716	4147.87017567226
"1/sp|P0ABB4|ATPB_ECOLI"	"ECOLI"	1920.54678400099	846.789576590929	837.893040773107	3834.94189896101	4248.64631441748	4163.08650949967
"1/sp|P0ABC3|HFLC_ECOLI"	"ECOLI"	NA	NA	NA	289.174028844221	228.756033446998	347.671145251708
"1/sp|P0ABC7|HFLK_ECOLI"	"ECOLI"	NA	NA	NA	370.723883877434	361.053505776879	363.455236847697
"1/sp|P0ABD3|BFR_ECOLI"	"ECOLI"	1312.04447160543	1220.9728729078	1410.89455266318	5712.56704815597	4205.37469022859	5955.9379582056
"1/sp|P0ABD5|ACCA_ECOLI"	"ECOLI"	NA	NA	NA	572.681584916975	539.306184740083	558.803586974745
"1/sp|P0ABF6|CDD_ECOLI"	"ECOLI"	NA	NA	NA	360.373604557854	356.725413680986	340.423463034234
"1/sp|P0ABH7|CISY_ECOLI"	"ECOLI"	516.783690433856	504.315702727802	553.744358481828	1798.9753388644	1705.20734598134	1682.87191611672
"1/sp|P0ABH9|CLPA_ECOLI"	"ECOLI"	NA	NA	NA	247.562689415777	250.695105522917	257.905302306704
"1/sp|P0ABI4|CORA_ECOLI"	"ECOLI"	NA	NA	NA	185.205106765794	NA	NA
"1/sp|P0ABJ9|CYDA_ECOLI"	"ECOLI"	1596.85877221906	1636.52446860169	1513.19350585817	5647.01386225086	5514.26532532393	5774.47558661372
"1/sp|P0ABK2|CYDB_ECOLI"	"ECOLI"	222.879382437042	NA	237.344999758073	896.677013743872	840.060585124939	901.290476248129
"1/sp|P0ABK5|CYSK_ECOLI"	"ECOLI"	393.923858396613	354.413972059955	381.153861439546	1377.14388075053	1307.40044293354	1334.74350603344
"1/sp|P0ABN5|DCUA_ECOLI"	"ECOLI"	NA	NA	NA	191.579337820303	NA	NA
"1/sp|P0ABP8|DEOD_ECOLI"	"ECOLI"	928.120107443725	886.325360460962	952.225624098902	3083.70552817131	2896.21038548241	3046.73435122047
"1/sp|P0ABQ2|GARR_ECOLI"	"ECOLI"	NA	NA	NA	NA	79.9729788507472	NA
"1/sp|P0ABS1|DKSA_ECOLI"	"ECOLI"	NA	NA	NA	326.165437004224	299.867692874912	292.369126775251
"1/sp|P0ABT2|DPS_ECOLI"	"ECOLI"	6357.68572719636	6554.98063884422	6593.23264416431	26099.3532413478	25419.5121237752	26426.9977294119
"1/sp|P0ABU0|MENB_ECOLI"	"ECOLI"	115.491345373091	115.659009932039	294.616774146992	913.197769216321	832.896156481793	913.790560582984
"1/sp|P0ABU2|YCHF_ECOLI"	"ECOLI"	NA	NA	212.632845319576	384.053400408943	428.986058554714	416.9910632112
"1/sp|P0ABU5|ELBB_ECOLI"	"ECOLI"	NA	NA	NA	NA	265.282968133356	NA
"1/sp|P0ABZ6|SURA_ECOLI"	"ECOLI"	289.882482731791	NA	NA	405.593779559703	412.694416050276	429.421078542156
"1/sp|P0AC02|BAMD_ECOLI"	"ECOLI"	NA	NA	NA	148.83194292115	321.561802052296	174.902110385487
"1/sp|P0AC19|FOLX_ECOLI"	"ECOLI"	NA	NA	NA	NA	153.82536619071	162.573232341329
"1/sp|P0AC33|FUMA_ECOLI"	"ECOLI"	NA	NA	NA	233.436960319593	NA	254.982797677076
"1/sp|P0AC38|ASPA_ECOLI"	"ECOLI"	420.406141634357	388.387165564367	405.167220954547	1694.51877856241	1716.15282389242	1740.30280736809
"1/sp|P0AC41|DHSA_ECOLI"	"ECOLI"	1585.54517568653	1844.501978748	1597.47247538435	1724.63936553285	868.799748363341	850.119604813151
"1/sp|P0AC47|FRDB_ECOLI"	"ECOLI"	NA	NA	129.185149509949	434.648156071681	555.483698972264	527.276330284447
"1/sp|P0AC53|G6PD_ECOLI"	"ECOLI"	87.7917300549877	NA	NA	524.250656043349	589.198129680293	590.79678442082
"1/sp|P0AC59|GLRX2_ECOLI"	"ECOLI"	1147.5531940004	1076.65022192096	1224.3662080701	4151.48166666499	3826.6191577587	4278.85579165957
"1/sp|P0AC62|GLRX3_ECOLI"	"ECOLI"	NA	NA	NA	737.123594499069	738.48114694227	696.987965649417
"1/sp|P0AC69|GLRX4_ECOLI"	"ECOLI"	330.70928981287	276.737767646474	365.818208427854	1082.54330989415	1071.38374434984	1142.41213452179
"1/sp|P0AC86|PHSG_ECOLI"	"ECOLI"	NA	NA	NA	42.2513026808175	NA	64.6349513113048
"1/sp|P0ACA1|YIBF_ECOLI"	"ECOLI"	NA	NA	NA	87.667384983992	NA	NA
"1/sp|P0ACA3|SSPA_ECOLI"	"ECOLI"	303.668107177646	NA	NA	1093.69896780774	1065.13395549524	1118.10151087881
"1/sp|P0ACA7|GSTB_ECOLI"	"ECOLI"	NA	NA	NA	NA	227.038995859344	221.335085435848
"1/sp|P0ACB7|HEMY_ECOLI"	"ECOLI"	944.928314568597	988.288286057191	1028.76043444149	1287.19063046978	1296.84773166969	284.198172376491
"1/sp|P0ACC7|GLMU_ECOLI"	"ECOLI"	NA	NA	NA	64.2661384580647	163.140291302914	248.450618925949
"1/sp|P0ACD8|MBHL_ECOLI"	"ECOLI"	363.574620576974	323.284355569153	284.000017858666	1372.8752734433	1380.93536757646	1409.81664435185
"1/sp|P0ACE0|MBHM_ECOLI"	"ECOLI"	NA	NA	NA	264.600866925532	254.385438086235	1292.88339448083
"1/sp|P0ACE7|HINT_ECOLI"	"ECOLI"	NA	NA	NA	675.801670695353	413.84130198181	569.287444635276
"1/sp|P0ACF0|DBHA_ECOLI"	"ECOLI"	1655.12139133742	1648.46189360235	1686.25392669879	6002.75085777897	5719.38716795921	5910.96614476212
"1/sp|P0ACF4|DBHB_ECOLI"	"ECOLI"	554.180584349038	NA	NA	1895.96133088127	1787.25682223765	1949.93266006376
"1/sp|P0ACF8|HNS_ECOLI"	"ECOLI"	1129.77052988467	1105.34577279394	1075.15134517434	3599.9566828089	3402.05948088911	3495.82527570831
"1/sp|P0ACG1|STPA_ECOLI"	"ECOLI"	NA	NA	NA	465.656789798127	437.060965583909	376.545371397114
"1/sp|P0ACI0|ROB_ECOLI"	"ECOLI"	NA	NA	NA	161.829586122697	281.252967153159	268.337137791416
"1/sp|P0ACJ0|LRP_ECOLI"	"ECOLI"	NA	NA	NA	1175.53414368008	929.306941193204	963.420276698045
"1/sp|P0ACJ8|CRP_ECOLI"	"ECOLI"	285.548606835773	130.529366399802	229.528886427617	845.150131402812	832.341802014461	885.976179554268
"1/sp|P0ACQ4|OXYR_ECOLI"	"ECOLI"	NA	NA	NA	43.2395358210736	NA	NA
"1/sp|P0ACU7|YJDC_ECOLI"	"ECOLI"	NA	NA	NA	354.666478563668	140.880666716038	167.350309115459
"1/sp|P0ACW6|YDCH_ECOLI"	"ECOLI"	93.8773208687164	NA	101.076934775246	444.312236451741	463.938476312858	450.778953431636
"1/sp|P0ACX3|YDHR_ECOLI"	"ECOLI"	NA	NA	NA	521.751346025372	354.672019885155	457.268175419783
"1/sp|P0ACY1|YDJA_ECOLI"	"ECOLI"	NA	NA	NA	351.333671636662	347.195353417582	377.317361443169
"1/sp|P0ACY3|YEAG_ECOLI"	"ECOLI"	NA	NA	NA	576.617122108794	550.845746811955	530.632114270915
"1/sp|P0AD12|YEEZ_ECOLI"	"ECOLI"	NA	NA	NA	1276.93262474447	1249.35542719398	1291.87192783132
"1/sp|P0AD33|YFCZ_ECOLI"	"ECOLI"	NA	329.831234237164	NA	1245.85907500339	1185.13839791278	1197.43127543535
"1/sp|P0AD49|RAIA_ECOLI"	"ECOLI"	NA	NA	NA	991.36940140818	859.379824991964	957.845583810082
"1/sp|P0AD59|IVY_ECOLI"	"ECOLI"	NA	NA	58.4687445259496	432.108944351246	473.472622606965	426.54742344853
"1/sp|P0AD61|KPYK1_ECOLI"	"ECOLI"	1265.39056613329	1222.00868946781	1273.88517117822	3820.15314897085	3699.92389689846	3783.5895725049
"1/sp|P0ADA3|NLPD_ECOLI"	"ECOLI"	NA	NA	NA	152.20949128095	NA	NA
"1/sp|P0ADA5|YAJG_ECOLI"	"ECOLI"	167.83327519502	178.254629056423	179.73937212704	781.820239333002	822.711216200018	818.606664936069
"1/sp|P0ADB1|OSME_ECOLI"	"ECOLI"	1342.5453173509	1326.31005703277	1231.46167707609	4653.10676042175	4634.9455730772	4676.98660930259
"1/sp|P0ADC1|LPTE_ECOLI"	"ECOLI"	NA	NA	NA	378.446171377657	345.027148422818	347.388379103271
"1/sp|P0ADE6|YGAU_ECOLI"	"ECOLI"	1224.6039838084	967.615431935934	994.34133436975	3116.7241416187	3347.68286252627	3295.25095252488
"1/sp|P0ADE8|YGFZ_ECOLI"	"ECOLI"	323.432776225833	288.71337690965	309.043733075127	998.832845754159	975.569906639896	1047.61975288489
"1/sp|P0ADG4|SUHB_ECOLI"	"ECOLI"	NA	NA	NA	98.7838831262198	93.6486010969059	92.4120039580741
"1/sp|P0ADG7|IMDH_ECOLI"	"ECOLI"	266.786237946035	353.714409593605	330.533667294187	1086.59697169166	1033.70367973481	1076.30271476848
"1/sp|P0ADK0|YIAF_ECOLI"	"ECOLI"	NA	NA	NA	149.876276508378	121.598012647473	151.247229890163
"1/sp|P0ADN2|YIFE_ECOLI"	"ECOLI"	93.9198655137004	206.05148005349	NA	492.597901160591	309.453444484488	354.105269304714
"1/sp|P0ADP9|YIHD_ECOLI"	"ECOLI"	NA	NA	NA	81.9281588378956	256.011860169332	75.6239336703018
"1/sp|P0ADQ2|YIID_ECOLI"	"ECOLI"	NA	NA	NA	NA	77.1638058380269	NA
"1/sp|P0ADR8|YGDH_ECOLI"	"ECOLI"	NA	NA	NA	138.395028965469	NA	220.95455316743
"1/sp|P0ADS2|ZAPA_ECOLI"	"ECOLI"	NA	NA	NA	NA	146.801245477356	NA
"1/sp|P0ADS6|YGGE_ECOLI"	"ECOLI"	361.740446419285	448.092778373524	396.136507651083	565.220327164167	908.342234054002	857.472140748295
"1/sp|P0ADS9|YGGN_ECOLI"	"ECOLI"	NA	NA	NA	346.759749202895	208.947338370306	232.856994619643
"1/sp|P0ADT5|YGIC_ECOLI"	"ECOLI"	NA	NA	NA	NA	NA	180.930438732833
"1/sp|P0ADT8|YGIM_ECOLI"	"ECOLI"	NA	NA	NA	568.543528822087	410.896188801888	417.190696763516
"1/sp|P0ADU2|YGIN_ECOLI"	"ECOLI"	NA	NA	NA	NA	317.057157003038	NA
"1/sp|P0ADU5|YGIW_ECOLI"	"ECOLI"	841.347943120358	882.287709374858	894.434272521617	2674.34493161167	2599.67523685258	2596.7067499528
"1/sp|P0ADV7|MLAC_ECOLI"	"ECOLI"	NA	NA	NA	548.114341833747	579.962473191441	568.820716874972
"1/sp|P0ADW3|YHCB_ECOLI"	"ECOLI"	NA	NA	NA	300.354744913998	199.974426275803	203.030346087567
"1/sp|P0ADX1|YHFA_ECOLI"	"ECOLI"	NA	NA	NA	129.653173829378	120.98475145406	133.70774507692
"1/sp|P0ADX7|YHHA_ECOLI"	"ECOLI"	NA	NA	NA	352.237403039418	NA	272.965323738535
"1/sp|P0ADY1|PPID_ECOLI"	"ECOLI"	1125.10101453456	1051.58611756748	NA	374.487501673523	381.995569746511	351.366062966023
"1/sp|P0ADY3|RL14_ECOLI"	"ECOLI"	717.126997458005	1310.91236105887	695.363780809576	3015.66527355548	2707.50900300837	2538.31064566612
"1/sp|P0ADY7|RL16_ECOLI"	"ECOLI"	710.737284402081	678.426608243739	697.24962738576	2457.80821560778	2373.01562228692	2488.41895272779
"1/sp|P0ADZ0|RL23_ECOLI"	"ECOLI"	NA	NA	NA	203.457785261478	236.29616881613	242.933033661071
"1/sp|P0ADZ4|RS15_ECOLI"	"ECOLI"	643.800265651269	555.0635222374	634.065851121587	2535.64685169449	2282.91482650337	2376.91916086037
"1/sp|P0ADZ7|YAJC_ECOLI"	"ECOLI"	734.798302493196	730.483970793401	697.669493326263	2397.60873693689	2383.97396407767	2366.67452820567
"1/sp|P0AE01|TRMJ_ECOLI"	"ECOLI"	NA	NA	NA	125.016887906355	169.28291320409	115.09870992636
"1/sp|P0AE06|ACRA_ECOLI"	"ECOLI"	NA	NA	NA	355.108005816773	323.495289545875	360.903843716669
"1/sp|P0AE08|AHPC_ECOLI"	"ECOLI"	5772.10518634944	5947.6737819159	6011.84947543737	20694.6298735496	20025.8547987343	21558.2742121068
"1/sp|P0AE18|MAP1_ECOLI"	"ECOLI"	NA	NA	NA	363.454013480459	433.525296715921	408.091147848378
"1/sp|P0AE22|APHA_ECOLI"	"ECOLI"	NA	NA	NA	NA	44.1145051208517	NA
"1/sp|P0AE52|BCP_ECOLI"	"ECOLI"	NA	NA	NA	411.89624935181	430.966352682279	409.590366029842
"1/sp|P0AE78|CORC_ECOLI"	"ECOLI"	NA	NA	NA	176.930634217476	169.2545027385	201.45502559092
"1/sp|P0AE88|CPXR_ECOLI"	"ECOLI"	NA	NA	NA	643.062291059521	678.035040743574	655.800853045392
"1/sp|P0AEB2|DACA_ECOLI"	"ECOLI"	1258.96473978919	1220.67618808551	1217.48895244466	803.748057301946	778.711648802114	1611.34424631827
"1/sp|P0AED0|USPA_ECOLI"	"ECOLI"	NA	734.464260065385	851.402218898903	2061.12715969866	2025.73515342433	2044.8503800612
"1/sp|P0AEE1|DCRB_ECOLI"	"ECOLI"	NA	NA	NA	156.792637674953	338.05259757127	296.104464303266
"1/sp|P0AEE5|DGAL_ECOLI"	"ECOLI"	623.526186835485	672.832822065106	604.740181431534	1832.42465569876	1812.49707945836	1922.26918214019
"1/sp|P0AEG4|DSBA_ECOLI"	"ECOLI"	NA	NA	NA	1216.39962250048	1110.16215305248	1119.27744582546
"1/sp|P0AEG6|DSBC_ECOLI"	"ECOLI"	NA	NA	NA	171.460598427726	232.270051700848	146.604006322732
"1/sp|P0AEH5|ELAB_ECOLI"	"ECOLI"	450.596081837376	523.269051066597	501.911459864173	2019.40156269592	1818.77572004057	1884.78554420763
"1/sp|P0AEI1|MIAB_ECOLI"	"ECOLI"	NA	NA	NA	239.357916391517	189.769130788282	470.037255733444
"1/sp|P0AEI6|NUDJ_ECOLI"	"ECOLI"	NA	NA	NA	NA	NA	502.417595883851
"1/sp|P0AEK2|FABG_ECOLI"	"ECOLI"	395.002042126208	911.387328909321	860.142800836016	1938.92233762617	1869.60790113858	1951.21250866194
"1/sp|P0AEK4|FABI_ECOLI"	"ECOLI"	1064.7838637622	1023.3399129332	984.563415227765	3609.61801915572	3410.10984341988	3514.48499220272
"1/sp|P0AEM9|FLIY_ECOLI"	"ECOLI"	NA	NA	NA	381.159832283191	465.21232703491	412.331869451495
"1/sp|P0AEN1|FRE_ECOLI"	"ECOLI"	NA	NA	NA	220.027449856799	221.260454268498	235.458990444292
"1/sp|P0AEN8|FUCM_ECOLI"	"ECOLI"	NA	NA	NA	110.981722683943	NA	NA
"1/sp|P0AEP3|GALU_ECOLI"	"ECOLI"	NA	193.636474929205	NA	788.743756790484	805.505145820004	846.853996240192
"1/sp|P0AEQ3|GLNH_ECOLI"	"ECOLI"	NA	NA	NA	397.429628679394	395.905335812568	321.50540605079
"1/sp|P0AES4|GYRA_ECOLI"	"ECOLI"	429.675250534605	302.182530908101	108.711701034874	614.218184534169	544.62070149718	605.292814438711
"1/sp|P0AES6|GYRB_ECOLI"	"ECOLI"	202.2997990734	NA	3287.66015683359	3058.98608802609	399.484869012681	401.027516519228
"1/sp|P0AES9|HDEA_ECOLI"	"ECOLI"	350.571418393448	362.16516908053	368.491352018235	1267.36365221991	1098.27805451914	1220.39875618237
"1/sp|P0AET2|HDEB_ECOLI"	"ECOLI"	191.490628614467	155.199457893089	171.369963153522	651.915778750806	601.407973063502	603.839309142494
"1/sp|P0AET8|HDHA_ECOLI"	"ECOLI"	512.960744967485	537.34725509273	449.658913488121	1707.07831871558	1654.66389793035	1710.00698424822
"1/sp|P0AEU0|HISJ_ECOLI"	"ECOLI"	NA	NA	NA	NA	NA	170.930511791108
"1/sp|P0AEU7|SKP_ECOLI"	"ECOLI"	117.914162027059	275.618568074937	220.932665133762	922.403666095219	896.543008905703	837.789317900157
"1/sp|P0AEW9|K1PF_ECOLI"	"ECOLI"	287.708428027013	139.121457453043	279.687788452478	1163.03007147236	1201.67750286805	1231.11885709832
"1/sp|P0AEX9|MALE_ECOLI"	"ECOLI"	847.308366451184	889.248773358146	710.286675487821	1084.94879089739	1122.63459985314	1086.7622214279
"1/sp|P0AEZ3|MIND_ECOLI"	"ECOLI"	153.137519072721	177.373773436173	NA	703.552866230768	695.879837278034	751.749263840733
"1/sp|P0AEZ9|MOAB_ECOLI"	"ECOLI"	NA	NA	NA	580.805704648929	673.122773214857	635.12483404824
"1/sp|P0AF03|MOG_ECOLI"	"ECOLI"	NA	NA	NA	194.171571577649	196.852137515455	229.963063779059
"1/sp|P0AF12|MTNN_ECOLI"	"ECOLI"	NA	NA	200.399441281978	537.892999941855	521.533532687021	539.702213606466
"1/sp|P0AF18|NAGA_ECOLI"	"ECOLI"	NA	NA	NA	NA	488.473388201686	642.585671594892
"1/sp|P0AF20|NAGC_ECOLI"	"ECOLI"	NA	NA	NA	38.7048174479319	96.759910886861	NA
"1/sp|P0AF28|NARL_ECOLI"	"ECOLI"	NA	NA	NA	163.372012340477	NA	191.866376946017
"1/sp|P0AF36|ZAPB_ECOLI"	"ECOLI"	NA	NA	NA	203.343972111962	196.11122429118	135.603808359691
"1/sp|P0AF50|YJBR_ECOLI"	"ECOLI"	NA	NA	NA	670.798204716883	665.15457085355	641.951990132508
"1/sp|P0AF67|TSAE_ECOLI"	"ECOLI"	NA	NA	NA	110.374079108685	83.8031189632793	NA
"1/sp|P0AF70|YJEI_ECOLI"	"ECOLI"	NA	NA	NA	NA	305.811401277871	NA
"1/sp|P0AF93|RIDA_ECOLI"	"ECOLI"	657.568558461511	723.651090971776	685.585593641846	2314.28036024741	2261.03443483677	2356.29482377182
"1/sp|P0AFC3|NUOA_ECOLI"	"ECOLI"	NA	NA	NA	115.074651540909	NA	NA
"1/sp|P0AFC7|NUOB_ECOLI"	"ECOLI"	NA	NA	NA	230.065842230872	202.583775517398	88.2299661485074
"1/sp|P0AFF6|NUSA_ECOLI"	"ECOLI"	114.17329613351	380.180115161987	391.660461856775	721.747469584572	773.94390958002	762.656449287001
"1/sp|P0AFG0|NUSG_ECOLI"	"ECOLI"	225.928797646293	243.785602425235	262.605421135373	821.510027052139	840.978177705434	906.550782540243
"1/sp|P0AFG3|ODO1_ECOLI"	"ECOLI"	NA	72.7944322293875	NA	592.300320580996	441.297163627138	655.159817393339
"1/sp|P0AFG6|ODO2_ECOLI"	"ECOLI"	141.829591760598	268.761943002637	181.140609564379	1090.38872325437	1015.99818703267	1131.333235284
"1/sp|P0AFG8|ODP1_ECOLI"	"ECOLI"	1848.05127815352	1881.64691980997	1903.49943349138	6106.32182340506	5959.32758045338	6101.45330156715
"1/sp|P0AFH8|OSMY_ECOLI"	"ECOLI"	1367.52882788272	1356.74767443424	1425.97972001022	4483.72384232819	4191.35856899217	4422.51610431435
"1/sp|P0AFI7|PDXH_ECOLI"	"ECOLI"	NA	NA	NA	307.273205508491	152.845183083492	167.168183114107
"1/sp|P0AFJ1|PHNA_ECOLI"	"ECOLI"	NA	NA	NA	141.501470118767	178.117551838724	187.029967114675
"1/sp|P0AFK0|PMBA_ECOLI"	"ECOLI"	NA	NA	NA	339.330335434711	516.034881738233	409.077390766164
"1/sp|P0AFK9|POTD_ECOLI"	"ECOLI"	NA	NA	NA	283.041855145617	290.421784331961	324.100351022871
"1/sp|P0AFM4|PSIF_ECOLI"	"ECOLI"	NA	NA	NA	26.7231616423328	NA	NA
"1/sp|P0AFM6|PSPA_ECOLI"	"ECOLI"	NA	NA	NA	512.130338111446	539.700203535827	632.233653558576
"1/sp|P0AFP6|GTPC1_ECOLI"	"ECOLI"	308.504657385026	212.608066299364	233.872606603833	756.547860335177	801.452977032648	821.812681908881
"1/sp|P0AFR4|YCIO_ECOLI"	"ECOLI"	NA	NA	NA	603.033245669984	579.276932978675	569.238930226074
"1/sp|P0AFU8|RISA_ECOLI"	"ECOLI"	NA	NA	NA	427.916172301389	364.273006538118	500.423806517476
"1/sp|P0AFW2|RMF_ECOLI"	"ECOLI"	328.858706385114	392.566418844064	558.745266980104	1445.21378843738	1425.99670360779	1581.07531734037
"1/sp|P0AFX9|RSEB_ECOLI"	"ECOLI"	NA	NA	NA	361.784300690807	367.927058151493	378.168823880462
"1/sp|P0AFY8|SEQA_ECOLI"	"ECOLI"	NA	NA	NA	619.626631216573	NA	141.872067349764
"1/sp|P0AG14|SOHB_ECOLI"	"ECOLI"	NA	NA	NA	293.702746340135	NA	NA
"1/sp|P0AG27|YIBN_ECOLI"	"ECOLI"	NA	NA	162.371120675311	474.802831383383	474.609012787053	497.624905024888
"1/sp|P0AG30|RHO_ECOLI"	"ECOLI"	649.674378422303	705.894542148426	349.537611331367	1202.6245578092	1180.27939399883	1354.12858404224
"1/sp|P0AG44|RL17_ECOLI"	"ECOLI"	1953.40157742052	1985.89474083093	1887.04086994544	7036.44131004097	7164.22931588012	7427.70249666662
"1/sp|P0AG48|RL21_ECOLI"	"ECOLI"	1377.44970165311	1491.86036029475	1370.5466877462	4933.67827567388	4560.61789768041	4633.79730096901
"1/sp|P0AG51|RL30_ECOLI"	"ECOLI"	1191.63192709338	1213.39542567173	1238.14851254012	4475.79626495112	4471.90471003863	4481.76168095907
"1/sp|P0AG55|RL6_ECOLI"	"ECOLI"	2163.16735812577	2340.87664841128	2266.66489701614	7673.44842008388	7535.41365709464	7874.43740123742
"1/sp|P0AG63|RS17_ECOLI"	"ECOLI"	505.640775678234	538.095632282463	NA	1865.8795649527	1849.11831971327	1868.90913767441
"1/sp|P0AG67|RS1_ECOLI"	"ECOLI"	1973.76387364357	2016.26971004586	1979.50091751754	6122.27139366448	5977.50102008744	5932.30614382719
"1/sp|P0AG82|PSTS_ECOLI"	"ECOLI"	NA	NA	NA	215.437167351053	NA	259.212614463167
"1/sp|P0AG84|YGHA_ECOLI"	"ECOLI"	312.204830605959	310.217132338604	321.272419410754	1064.7811373997	1078.68271367121	1135.57381663091
"1/sp|P0AG86|SECB_ECOLI"	"ECOLI"	364.908586934554	NA	NA	1015.81561620623	1313.62677316243	1267.56050834595
"1/sp|P0AG90|SECD_ECOLI"	"ECOLI"	NA	132.254232582972	NA	372.722060504517	341.085172793099	260.793244809712
"1/sp|P0AG99|SECG_ECOLI"	"ECOLI"	NA	NA	NA	NA	94.0828555691394	NA
"1/sp|P0AGC3|SLT_ECOLI"	"ECOLI"	NA	NA	NA	NA	51.5246499474325	NA
"1/sp|P0AGD1|SODC_ECOLI"	"ECOLI"	NA	NA	NA	493.308584228488	452.5061306447	481.310663243698
"1/sp|P0AGD3|SODF_ECOLI"	"ECOLI"	4159.30744678604	4277.19436247919	4093.4781113935	14233.1009335186	13807.0708592833	14727.0361599757
"1/sp|P0AGD7|SRP54_ECOLI"	"ECOLI"	NA	NA	NA	146.602958566883	278.868181088881	117.924090645172
"1/sp|P0AGE0|SSB_ECOLI"	"ECOLI"	NA	NA	NA	1101.55671036183	996.733490568665	1099.38807675053
"1/sp|P0AGE6|YIEF_ECOLI"	"ECOLI"	110.587912807692	NA	117.657515031033	286.124274001904	302.741146673804	284.136507068081
"1/sp|P0AGE9|SUCD_ECOLI"	"ECOLI"	498.804932927404	519.300909657641	490.069020217409	1575.98240429317	1613.50309372409	1616.1408339906
"1/sp|P0AGG2|TESB_ECOLI"	"ECOLI"	NA	NA	NA	56.0574177163983	NA	NA
"1/sp|P0AGG8|TLDD_ECOLI"	"ECOLI"	NA	NA	NA	NA	126.77776557497	122.056051349993
"1/sp|P0AGJ5|YFIF_ECOLI"	"ECOLI"	NA	NA	NA	275.543137583043	206.190305723212	561.915878159957
"1/sp|P0AGJ9|SYY_ECOLI"	"ECOLI"	184.099569258783	148.116766658973	209.523499589496	759.556073651859	697.191502075606	828.767798442413
"1/sp|P0AGK4|YHBY_ECOLI"	"ECOLI"	NA	NA	NA	411.120720091236	453.898505822821	446.363552600588
"1/sp|P0AGL2|TDCF_ECOLI"	"ECOLI"	NA	NA	NA	NA	335.133728982965	NA
"1/sp|P0C018|RL18_ECOLI"	"ECOLI"	1076.15514276504	1137.31153608619	1142.63320199455	3404.02258143216	3317.30524157885	3338.94699929079
"1/sp|P0C0L2|OSMC_ECOLI"	"ECOLI"	1153.83732266895	1154.89791627108	1131.9408006728	3807.8295479092	3818.78807485888	3913.5159005741
"1/sp|P0C0S1|MSCS_ECOLI"	"ECOLI"	596.227113408992	117.441862154511	605.972383572983	865.460475570636	1100.29710388326	1099.22938837083
"1/sp|P0C0V0|DEGP_ECOLI"	"ECOLI"	831.920971007674	827.700149503832	841.738315071463	2685.09821526147	2531.83351961854	2547.69375490128
"1/sp|P0C8J6|GATY_ECOLI"	"ECOLI"	1476.0180572499	1490.38015537356	1510.92786693855	4955.00394438558	4723.60943699294	4964.69447165669
"1/sp|P10100|RLPA_ECOLI"	"ECOLI"	NA	NA	NA	NA	376.422026730462	256.735754709743
"1/sp|P10121|FTSY_ECOLI"	"ECOLI"	NA	NA	NA	321.971308452752	302.12391216854	321.393416877426
"1/sp|P10155|RO60_HUMAN"	"HUMAN"	510.706546267348	602.070735045204	494.899001471231	470.448271973835	444.130068423346	474.137772022825
"1/sp|P10253|LYAG_HUMAN"	"HUMAN"	83.5795002699188	106.995435210403	103.200034082334	118.289565103582	116.105227883048	89.7454450634595
"1/sp|P10301|RRAS_HUMAN"	"HUMAN"	251.522604887043	256.965568803821	NA	207.197501618919	NA	NA
"1/sp|P10408|SECA_ECOLI"	"ECOLI"	NA	NA	NA	424.652161363989	473.759127543467	430.929681631111
"1/sp|P10412|H14_HUMAN"	"HUMAN"	426.19859460448	NA	444.324559223589	NA	NA	NA
"1/sp|P10515|ODP2_HUMAN"	"HUMAN"	378.608611000978	384.839505348245	351.815285586383	351.504109048296	392.169220857706	379.689436207951
"1/sp|P10599|THIO_HUMAN"	"HUMAN"	5610.64072757848	5507.41058734129	5285.47770079603	5573.23177481525	5249.55428271226	5480.05485369098
"1/sp|P10606|COX5B_HUMAN"	"HUMAN"	NA	438.009232661864	NA	412.848334526705	320.628495260277	307.818205536465
"1/sp|P10619|PPGB_HUMAN"	"HUMAN"	153.836437295028	167.963363814559	153.529911298101	174.646003473326	186.30951077402	147.076151989809
"1/sp|P10620|MGST1_HUMAN"	"HUMAN"	431.25298485139	478.969426472717	467.365448592594	450.730216115387	468.509964208309	501.48484201655
"1/sp|P10768|ESTD_HUMAN"	"HUMAN"	355.577088193073	390.204000220903	324.902491553045	299.883495960691	292.376800085154	283.656023063685
"1/sp|P10809|CH60_HUMAN"	"HUMAN"	17985.0963842449	17931.9554318489	17383.5157046834	17808.7164250984	17080.2528340469	18335.8798307265
"1/sp|P10909|CLUS_HUMAN"	"HUMAN"	888.975035009349	907.761626954985	789.273548339065	841.851670931337	708.506616707028	866.119050198638
"1/sp|P11021|GRP78_HUMAN"	"HUMAN"	9826.79326970875	10566.8960492507	10966.0514016885	9688.52586126576	9832.13790606149	10387.789401568
"1/sp|P11047|LAMC1_HUMAN"	"HUMAN"	NA	NA	NA	124.740501577713	NA	NA
"1/sp|P11142|HSP7C_HUMAN"	"HUMAN"	6395.15510177607	6446.34873471381	6287.05502243375	6772.54539401455	6258.26965996393	6699.21624262102
"1/sp|P11177|ODPB_HUMAN"	"HUMAN"	1469.493130967	1446.41388795247	1361.10076836313	1381.92062136276	1353.91826066483	1339.32719630645
"1/sp|P11279|LAMP1_HUMAN"	"HUMAN"	3193.19494917009	3108.1195322741	3244.59183472404	3403.58902174525	3129.59269398814	3347.57540105172
"1/sp|P11310|ACADM_HUMAN"	"HUMAN"	767.79280467948	776.788920408555	778.409280746631	818.554337595634	791.171835520611	771.823099268014
"1/sp|P11349|NARH_ECOLI"	"ECOLI"	NA	NA	NA	NA	48.7887080145953	NA
"1/sp|P11387|TOP1_HUMAN"	"HUMAN"	664.437877849988	786.403660851817	689.879849579064	692.725669500195	824.169188037282	731.1086274319
"1/sp|P11388|TOP2A_HUMAN"	"HUMAN"	817.25974749046	895.784891018939	815.719368737151	874.961691612472	910.666215093727	977.985633108666
"1/sp|P11413|G6PD_HUMAN"	"HUMAN"	2550.32571974661	2629.53911019859	2586.44805771769	2480.06265872324	2336.6247517763	2497.51364146614
"1/sp|P11498|PYC_HUMAN"	"HUMAN"	991.164562773639	956.762628381616	873.284133188228	929.778400139526	916.300522261373	929.010031715726
"1/sp|P11586|C1TC_HUMAN"	"HUMAN"	3090.66531033663	3163.80676763827	3013.80417931474	2980.83526112636	2926.99122001376	2909.02752460747
"1/sp|P11717|MPRI_HUMAN"	"HUMAN"	255.139752525741	234.559100089035	250.615055174702	151.185691545154	250.363300537989	273.335801515076
"1/sp|P11766|ADHX_HUMAN"	"HUMAN"	1198.48378053241	1169.9770280977	1179.90065230223	1181.96241637656	1174.60637894332	1188.60639999112
"1/sp|P11875|SYR_ECOLI"	"ECOLI"	NA	NA	NA	552.41528604544	511.868706237992	500.797579734365
"1/sp|P11940|PABP1_HUMAN"	"HUMAN"	921.156539980619	895.718544424827	921.897785294378	953.752488474508	928.53042729816	915.856888945431
"1/sp|P12004|PCNA_HUMAN"	"HUMAN"	2811.1059501777	3018.67381922947	3024.60911704139	3105.72432280332	2959.99105645162	3032.281505233
"1/sp|P12081|SYHC_HUMAN"	"HUMAN"	702.395318840613	718.362597036136	714.502254686558	689.030385093854	730.198835030899	727.712662352817
"1/sp|P12268|IMDH2_HUMAN"	"HUMAN"	2599.44293747359	2480.28758906939	2529.58655648779	2610.21377224658	2517.84116835887	2498.79655981754
"1/sp|P12270|TPR_HUMAN"	"HUMAN"	577.872644493945	566.65717737834	626.473864561297	383.910000287235	514.574859363135	511.272776285562
"1/sp|P12277|KCRB_HUMAN"	"HUMAN"	3253.6973948798	3234.72917222737	3180.5733595889	2958.37148109513	2888.82095492895	2963.43958125642
"1/sp|P12281|MOEA_ECOLI"	"ECOLI"	NA	NA	NA	176.12554467915	146.023310456302	148.887084462321
"1/sp|P12429|ANXA3_HUMAN"	"HUMAN"	924.899729757893	971.714410207426	938.62082943716	1069.92302423673	1103.56443171673	1105.65180100049
"1/sp|P12758|UDP_ECOLI"	"ECOLI"	704.105754464773	620.419484619831	659.851765424557	2785.59783082045	2711.09820348088	2724.45387433395
"1/sp|P12814|ACTN1_HUMAN"	"HUMAN"	799.007164866671	829.397950461224	761.134426652894	658.446674285429	813.918060169469	860.712279995898
"1/sp|P12955|PEPD_HUMAN"	"HUMAN"	NA	284.760682185258	NA	NA	NA	271.911577724426
"1/sp|P12956|XRCC6_HUMAN"	"HUMAN"	3990.16781548274	4168.79372604406	4077.14830676269	4257.95030467861	4238.86520310871	4299.14755141615
"1/sp|P12994|YBHB_ECOLI"	"ECOLI"	NA	NA	121.360739129485	155.688656405482	146.839465764045	174.506346420836
"1/sp|P13010|XRCC5_HUMAN"	"HUMAN"	4437.79053925165	4580.3391129878	4562.90570087723	4329.64920817577	4442.31204466937	4452.08066877466
"1/sp|P13024|FDHE_ECOLI"	"ECOLI"	NA	NA	NA	199.800338119045	NA	NA
"1/sp|P13029|KATG_ECOLI"	"ECOLI"	777.043435324734	773.562933852133	900.442009478761	2576.75474880671	2649.03077463501	2699.98169207962
"1/sp|P13073|COX41_HUMAN"	"HUMAN"	1448.99896118436	1542.26581521309	1500.79723780197	1462.83855013972	1448.52237980975	1533.63858627213
"1/sp|P13473|LAMP2_HUMAN"	"HUMAN"	2244.33719295275	2395.60452972235	2434.8868638314	2177.0833043868	2233.31357415997	2360.66424387644
"1/sp|P13482|TREA_ECOLI"	"ECOLI"	NA	NA	NA	119.687992208146	269.105056621638	138.832653144223
"1/sp|P13489|RINI_HUMAN"	"HUMAN"	813.576286507101	808.611913818787	823.091784780423	913.712894386864	822.324303553699	833.623302730736
"1/sp|P13639|EF2_HUMAN"	"HUMAN"	7432.32969863576	7303.8617565541	7237.88628543961	7230.25892529636	7168.26889311645	7256.93729191563
"1/sp|P13645|K1C10_HUMAN"	"HUMAN"	539.887279291574	552.594244799582	607.875210976729	661.032094519604	716.327385003255	633.983124433196
"1/sp|P13667|PDIA4_HUMAN"	"HUMAN"	1367.25720505431	1397.33879723078	1474.16576911878	1478.07918150066	1364.51660886972	1466.57234968146
"1/sp|P13693|TCTP_HUMAN"	"HUMAN"	742.420555166582	673.462217713593	643.764773461927	686.231328954063	661.56549881539	696.543455801279
"1/sp|P13797|PLST_HUMAN"	"HUMAN"	960.157217538862	1035.90384171246	1028.42679900661	1045.39145751476	1222.58547862572	1064.14574843599
"1/sp|P13798|ACPH_HUMAN"	"HUMAN"	492.043848506294	494.647903626712	479.530732052133	479.191976752531	493.310822832255	489.897088325278
"1/sp|P13804|ETFA_HUMAN"	"HUMAN"	2030.60650420721	2022.57003413933	1964.14930959526	2013.35039737547	2016.15421791031	1871.00022680034
"1/sp|P13807|GYS1_HUMAN"	"HUMAN"	NA	NA	NA	150.417742120477	NA	126.885275202469
"1/sp|P13861|KAP2_HUMAN"	"HUMAN"	408.866509833807	389.412201532293	422.186634121549	359.047279716943	393.434898702541	343.139098252344
"1/sp|P13929|ENOB_HUMAN"	"HUMAN"	NA	NA	NA	256.624270759532	NA	NA
"1/sp|P13987|CD59_HUMAN"	"HUMAN"	1136.58438733835	1159.64240267541	1148.6514788276	1191.03214894911	1143.30702170231	1143.55165561839
"1/sp|P14174|MIF_HUMAN"	"HUMAN"	5928.84536554148	6136.0620978837	5769.17575881258	6112.93090076644	6017.59095685039	6123.64089419097
"1/sp|P14209|CD99_HUMAN"	"HUMAN"	324.975263686237	313.678826636465	296.065757502495	339.071390447468	NA	348.552970471005
"1/sp|P14314|GLU2B_HUMAN"	"HUMAN"	1728.49183180716	1849.01943315585	1635.15705193489	1865.65219682423	1834.066347629	1742.08118690225
"1/sp|P14324|FPPS_HUMAN"	"HUMAN"	1188.54566966102	1193.01242489538	1182.25976123385	1196.4814066083	1126.3549280808	1175.56827330067
"1/sp|P14384|CBPM_HUMAN"	"HUMAN"	174.592862364602	173.862618155472	99.1618524878613	126.319468728504	108.536834387168	163.711342389389
"1/sp|P14550|AK1A1_HUMAN"	"HUMAN"	538.928567082172	552.902219945749	566.846997809968	554.553099223378	556.313350350634	510.030532904423
"1/sp|P14618|KPYM_HUMAN"	"HUMAN"	19734.0953399618	20297.8540181587	19570.5959610636	19382.391102034	19151.4110439062	19569.6421258417
"1/sp|P14625|ENPL_HUMAN"	"HUMAN"	9083.78283096314	9499.30156797764	9583.57026483333	8975.20916353201	8644.45665443921	8910.62688156819
"1/sp|P14854|CX6B1_HUMAN"	"HUMAN"	187.119235737533	196.61964783948	186.484240139771	170.05216838766	178.624852836168	184.11855584833
"1/sp|P14866|HNRPL_HUMAN"	"HUMAN"	2269.93345140616	2365.36156494848	2419.23618409944	2329.24727783028	2232.38630165886	2325.78199104449
"1/sp|P14868|SYDC_HUMAN"	"HUMAN"	1125.15382883155	1157.07441720852	1119.49182213888	1091.82401883958	1063.18373689793	1081.1566854956
"1/sp|P14900|MURD_ECOLI"	"ECOLI"	NA	NA	NA	NA	138.11208040986	207.114421735432
"1/sp|P14923|PLAK_HUMAN"	"HUMAN"	323.296277946042	314.435155263279	321.304427460016	273.508631538993	282.413167730398	282.506234497911
"1/sp|P15034|AMPP_ECOLI"	"ECOLI"	NA	NA	NA	301.862344919389	570.400571808657	473.223722942468
"1/sp|P15042|DNLJ_ECOLI"	"ECOLI"	NA	NA	NA	NA	125.372235847985	71.4700393399524
"1/sp|P15104|GLNA_HUMAN"	"HUMAN"	NA	NA	182.963946441985	195.183174916336	NA	187.558009128705
"1/sp|P15121|ALDR_HUMAN"	"HUMAN"	1634.98037863273	1707.45208835342	1533.00583573265	1817.4682899675	1709.3501497969	1722.48438352007
"1/sp|P15151|PVR_HUMAN"	"HUMAN"	212.108645143771	NA	NA	222.004285981678	217.423080923029	246.209531040245
"1/sp|P15170|ERF3A_HUMAN"	"HUMAN"	489.834284101921	527.644755567099	510.227561799773	572.147814520115	650.235150547844	617.085558147566
"1/sp|P15288|PEPD_ECOLI"	"ECOLI"	338.616464349413	336.355936590426	302.85851146905	1427.78423776764	1436.13598272075	1719.16403262465
"1/sp|P15291|B4GT1_HUMAN"	"HUMAN"	308.41676566583	NA	NA	NA	NA	NA
"1/sp|P15311|EZRI_HUMAN"	"HUMAN"	1380.69041329252	1418.67536051711	1406.82829392308	1341.41098027529	1325.53223516459	1404.84656408214
"1/sp|P15328|FOLR1_HUMAN"	"HUMAN"	2307.07260345695	2422.53192661179	2251.39723145178	2470.62939553421	2216.89544085901	2286.52683174526
"1/sp|P15531|NDKA_HUMAN"	"HUMAN"	1454.16106965867	1413.43644201048	1487.73817077603	1416.23213135447	1423.80656790333	1469.98719970569
"1/sp|P15559|NQO1_HUMAN"	"HUMAN"	3247.08331930951	3369.03122805378	3203.23816873956	3363.67584405684	3455.7736329143	3455.18130030178
"1/sp|P15586|GNS_HUMAN"	"HUMAN"	432.497368008044	428.231575754009	402.973880761177	419.406718446866	438.141915546327	454.872637645497
"1/sp|P15880|RS2_HUMAN"	"HUMAN"	3577.51272555167	3722.59821621917	3758.12999664571	3791.71431070621	3532.96203645815	3790.6308524106
"1/sp|P15927|RFA2_HUMAN"	"HUMAN"	344.576515641225	294.919552310397	301.95058958208	324.753473457432	305.200277530253	348.017206947573
"1/sp|P16070|CD44_HUMAN"	"HUMAN"	1771.92753160714	1790.48875768759	1842.79712326567	1739.19443604976	1803.97219682836	1874.74904333258
"1/sp|P16095|SDHL_ECOLI"	"ECOLI"	NA	NA	NA	183.964294322054	NA	931.804850543085
"1/sp|P16152|CBR1_HUMAN"	"HUMAN"	1522.38363240856	1510.3791259262	1556.16500379868	1452.31369789503	1436.08828849626	1457.2969421028
"1/sp|P16278|BGAL_HUMAN"	"HUMAN"	233.165265631172	225.789550599725	NA	246.369919778372	296.943716661477	NA
"1/sp|P16401|H15_HUMAN"	"HUMAN"	9966.61966605371	10647.4547554439	10462.2923752441	10313.5518481272	9705.49153572903	10699.1409594221
"1/sp|P16402|H13_HUMAN"	"HUMAN"	NA	NA	NA	91.5272538079391	NA	NA
"1/sp|P16435|NCPR_HUMAN"	"HUMAN"	633.980211419908	643.105992265246	487.70574488324	659.601653334886	600.547838999521	619.636121766193
"1/sp|P16456|SELD_ECOLI"	"ECOLI"	NA	NA	NA	597.089863758305	617.005012749056	588.540650478229
"1/sp|P16615|AT2A2_HUMAN"	"HUMAN"	585.245880367384	576.648767807284	576.676479810349	659.0300450811	691.276145512448	607.095070509458
"1/sp|P16659|SYP_ECOLI"	"ECOLI"	119.627757743274	131.876874954538	144.006397022619	608.032642886779	552.854036664674	547.655672115818
"1/sp|P16681|PHNB_ECOLI"	"ECOLI"	NA	NA	NA	406.13306893107	531.293683851048	383.130544420872
"1/sp|P16949|STMN1_HUMAN"	"HUMAN"	2145.88514473143	2220.83322641903	2223.79919906169	1899.75410518369	2133.9963015976	2175.69823102376
"1/sp|P17096|HMGA1_HUMAN"	"HUMAN"	841.01414233299	917.842160670241	775.483640128547	NA	743.574186487742	741.095226728522
"1/sp|P17117|NFSA_ECOLI"	"ECOLI"	NA	NA	NA	NA	76.0401363699715	84.6226099480564
"1/sp|P17169|GLMS_ECOLI"	"ECOLI"	NA	318.333441954925	441.68455289652	997.200099384967	873.411950441296	1011.26935017549
"1/sp|P17174|AATC_HUMAN"	"HUMAN"	827.483056033717	845.670873161311	874.780464730955	1009.44677913539	1081.31411051563	1009.79083431266
"1/sp|P17655|CAN2_HUMAN"	"HUMAN"	483.824438377591	661.772157666162	507.528928225091	758.80932107887	550.651030845018	676.993536198483
"1/sp|P17812|PYRG1_HUMAN"	"HUMAN"	425.107256270368	537.426440163777	567.790513986044	553.530712733858	515.25816310176	526.812463735195
"1/sp|P17844|DDX5_HUMAN"	"HUMAN"	2103.60691577298	2160.22186935509	2116.53769252029	2123.33886958319	2021.79722561407	2092.3037678744
"1/sp|P17858|K6PL_HUMAN"	"HUMAN"	NA	NA	140.612679864293	100.504501433139	101.201381415553	108.89633764375
"1/sp|P17931|LEG3_HUMAN"	"HUMAN"	852.016366650009	236.230825302583	963.731880938531	771.945833561724	693.673253404917	743.637539699429
"1/sp|P17980|PRS6A_HUMAN"	"HUMAN"	636.054405967143	622.480171127687	664.827563145322	596.569176023292	554.50832180748	636.267140337491
"1/sp|P17987|TCPA_HUMAN"	"HUMAN"	2307.23826709478	2393.50520344483	2430.61162024529	2254.55248970529	2262.17281869013	2449.26606208637
"1/sp|P17993|UBIG_ECOLI"	"ECOLI"	NA	NA	NA	120.723193938378	119.651808340038	NA
"1/sp|P18077|RL35A_HUMAN"	"HUMAN"	1966.11666943911	1916.52036434419	1962.01487468349	1963.60503025215	1891.05389918398	1957.44052650681
"1/sp|P18085|ARF4_HUMAN"	"HUMAN"	1024.32648866622	1058.35520054545	1011.5787431146	1103.80990452155	1044.82379955399	1104.6678183668
"1/sp|P18124|RL7_HUMAN"	"HUMAN"	6930.01817838909	7085.03036775827	6766.28825888031	6741.4588080868	6366.44889899303	6731.47091439646
"1/sp|P18206|VINC_HUMAN"	"HUMAN"	1338.2240152592	1329.23830302128	1354.77400700817	1281.50312577419	1262.13190856345	1317.57717174864
"1/sp|P18621|RL17_HUMAN"	"HUMAN"	1967.18933935009	1928.78500347424	1991.62809063241	2142.4464027696	1959.67609822634	2040.12718555513
"1/sp|P18669|PGAM1_HUMAN"	"HUMAN"	1323.95017407945	1365.98558880547	1287.74299721427	1287.89435190855	1172.92126202335	1253.19365612933
"1/sp|P18754|RCC1_HUMAN"	"HUMAN"	1215.96784642477	1328.39401316084	1409.84187870631	1337.5454968909	1368.94331165069	1370.25258052604
"1/sp|P18775|DMSA_ECOLI"	"ECOLI"	129.559700401877	NA	NA	497.495085191629	517.403640178025	497.327453093958
"1/sp|P18776|DMSB_ECOLI"	"ECOLI"	NA	NA	NA	NA	NA	241.498159962693
"1/sp|P18843|NADE_ECOLI"	"ECOLI"	220.065407491511	220.786957964259	256.356701160303	869.772506167257	850.39201192037	885.73506359189
"1/sp|P18859|ATP5J_HUMAN"	"HUMAN"	137.322536036839	146.975029995462	139.332494238877	118.891816271368	NA	127.673147745698
"1/sp|P19338|NUCL_HUMAN"	"HUMAN"	5257.91128440407	5400.48629450023	5660.92869012167	5837.33718753884	5665.13600197249	5789.46601211859
"1/sp|P19367|HXK1_HUMAN"	"HUMAN"	1012.40704902919	726.429968547457	866.510774984326	825.006103737093	807.974958215712	755.174713961847
"1/sp|P19388|RPAB1_HUMAN"	"HUMAN"	397.5099578895	347.684701153557	NA	NA	NA	NA
"1/sp|P19404|NDUV2_HUMAN"	"HUMAN"	274.942904191458	226.589520523223	NA	217.689891499048	223.00614228055	232.138182845898
"1/sp|P19525|E2AK2_HUMAN"	"HUMAN"	474.893066984753	480.490413087733	330.745972330721	372.412266162737	401.643216171361	348.174121518131
"1/sp|P19623|SPEE_HUMAN"	"HUMAN"	1739.64136322136	1796.78360745705	1788.2158431105	1787.5691420917	1720.49182332356	1773.24978801487
"1/sp|P19926|AGP_ECOLI"	"ECOLI"	223.324761699655	210.443659460052	140.819528970755	772.78252409811	763.801245307097	745.993914407864
"1/sp|P20042|IF2B_HUMAN"	"HUMAN"	712.843546635909	686.570481481779	712.33494243747	733.672894920241	743.13479812894	770.391166384759
"1/sp|P20073|ANXA7_HUMAN"	"HUMAN"	430.990186629112	495.177985465009	489.134392671274	560.943424833145	523.202863426442	544.771552871551
"1/sp|P20290|BTF3_HUMAN"	"HUMAN"	404.521451513081	422.165452059737	449.988843758313	396.377963713711	371.227819047342	409.219389992583
"1/sp|P20339|RAB5A_HUMAN"	"HUMAN"	183.575876241134	NA	173.644362363581	NA	173.836214902943	176.863900570012
"1/sp|P20340|RAB6A_HUMAN"	"HUMAN"	223.126426605976	353.634640199927	377.669786541114	251.918241149245	243.633963451706	248.111120211677
"1/sp|P20605|FIC_ECOLI"	"ECOLI"	NA	NA	NA	189.794265326583	146.109494071861	187.473878172464
"1/sp|P20618|PSB1_HUMAN"	"HUMAN"	1202.24204342944	1096.69900294002	1234.89447954107	1283.59669924929	1274.22031334087	1222.78513981366
"1/sp|P20645|MPRD_HUMAN"	"HUMAN"	815.157616792082	NA	794.771122925253	NA	NA	698.360627633006
"1/sp|P20674|COX5A_HUMAN"	"HUMAN"	949.752382190229	1018.89938096624	965.889911397537	1136.16365346087	1143.7621910378	1087.49453207196
"1/sp|P20700|LMNB1_HUMAN"	"HUMAN"	1825.58078256345	1899.44482775035	1939.4523513182	1884.27789985749	1840.75998658558	1869.74312099596
"1/sp|P20810|ICAL_HUMAN"	"HUMAN"	623.147429499247	631.847921998293	648.474320703551	657.214391189731	667.708617512425	662.911907495729
"1/sp|P20962|PTMS_HUMAN"	"HUMAN"	2157.51454417961	2057.19647322933	2148.43414601406	2253.34176893112	2193.04959609764	2214.59236531313
"1/sp|P20966|PTFBC_ECOLI"	"ECOLI"	3025.65151024899	3191.18568126813	3095.30624092778	11047.0866231377	10941.538349734	11199.2483552993
"1/sp|P21165|PEPQ_ECOLI"	"ECOLI"	NA	175.421943691953	184.535698155846	1173.13293248023	1182.23226459697	1205.71211523522
"1/sp|P21170|SPEA_ECOLI"	"ECOLI"	NA	NA	NA	192.350441784358	178.893003578302	189.370357494699
"1/sp|P21179|CATE_ECOLI"	"ECOLI"	1242.46704762722	1301.45873948718	1263.82295921165	4547.74500715576	4447.33103212409	4610.94402354499
"1/sp|P21266|GSTM3_HUMAN"	"HUMAN"	1534.14462467437	1593.46589075562	1633.20807205485	1528.5779150239	1527.06579806244	1525.03166735973
"1/sp|P21281|VATB2_HUMAN"	"HUMAN"	209.61735856152	195.372506928568	NA	155.708389208916	NA	NA
"1/sp|P21291|CSRP1_HUMAN"	"HUMAN"	695.251211161136	715.421358445525	758.012348081476	703.860414882073	692.449030996186	663.525091602716
"1/sp|P21333|FLNA_HUMAN"	"HUMAN"	6523.03782344797	6693.30823627639	6561.7517655925	6555.87835026102	6323.55398793106	6749.83985805376
"1/sp|P21338|RNI_ECOLI"	"ECOLI"	NA	NA	NA	NA	NA	102.747094360827
"1/sp|P21362|YCIF_ECOLI"	"ECOLI"	NA	NA	NA	NA	NA	109.98952504881
"1/sp|P21367|YCAC_ECOLI"	"ECOLI"	1001.10230007276	1057.22352630424	1024.1627749781	3173.5864459879	3175.34997514751	3274.24044981459
"1/sp|P21399|ACOC_HUMAN"	"HUMAN"	412.063527972507	358.841021258832	435.449217406483	420.47975083127	663.336524119755	448.178675079437
"1/sp|P21499|RNR_ECOLI"	"ECOLI"	NA	NA	NA	190.843139269861	192.276478396613	331.163405779356
"1/sp|P21507|SRMB_ECOLI"	"ECOLI"	NA	NA	NA	922.169290711597	881.857749581635	369.284593654792
"1/sp|P21513|RNE_ECOLI"	"ECOLI"	NA	NA	NA	441.32678916027	401.925782358659	419.345827180743
"1/sp|P21599|KPYK2_ECOLI"	"ECOLI"	803.709314443469	817.678505286226	828.546237765873	3005.05690930003	2826.71761987763	2817.12773217162
"1/sp|P21796|VDAC1_HUMAN"	"HUMAN"	4028.95829090533	4112.23328087332	4024.37404027055	3993.86334385685	4105.18486845454	4281.57841447516
"1/sp|P21888|SYC_ECOLI"	"ECOLI"	NA	NA	NA	92.3466491716329	234.112840193165	94.0650781042553
"1/sp|P21889|SYD_ECOLI"	"ECOLI"	499.495653730884	480.756047739006	494.693777832537	1312.15724953428	800.863376186868	1094.21300354151
"1/sp|P21912|DHSB_HUMAN"	"HUMAN"	498.956291950611	539.464678705891	547.02322469878	567.974028070488	524.842178035564	266.87471810859
"1/sp|P21964|COMT_HUMAN"	"HUMAN"	424.500991780635	363.469675737715	363.54791892777	328.129403617108	325.859430814847	346.964201053985
"1/sp|P21980|TGM2_HUMAN"	"HUMAN"	452.190958745606	450.466976336358	314.309159467716	308.408246888993	267.979606946702	263.838356934196
"1/sp|P22061|PIMT_HUMAN"	"HUMAN"	578.688356003965	612.699370301484	585.986131282378	560.238306718157	617.351064227782	581.146584643534
"1/sp|P22087|FBRL_HUMAN"	"HUMAN"	566.102529467485	615.118895645842	484.774936986238	619.010774780861	570.229626994234	548.80174091659
"1/sp|P22102|PUR2_HUMAN"	"HUMAN"	1459.65705648745	1529.04494074324	1477.70675056378	1528.97034629407	1531.89351842413	1665.69498077439
"1/sp|P22188|MURE_ECOLI"	"ECOLI"	NA	NA	NA	NA	540.548410579983	NA
"1/sp|P22234|PUR6_HUMAN"	"HUMAN"	1733.66832282875	1668.97549891116	1550.4118367127	1534.72217777204	1474.81684094353	1548.45000721752
"1/sp|P22255|CYSQ_ECOLI"	"ECOLI"	NA	NA	NA	748.976939298873	515.895863810228	399.46342487048
"1/sp|P22256|GABT_ECOLI"	"ECOLI"	248.305470344528	201.665352830133	NA	965.662688456936	1024.14565393936	1050.23199588703
"1/sp|P22259|PCKA_ECOLI"	"ECOLI"	510.897540989932	542.373841115877	469.200458785064	1761.57168694008	1816.19531994657	1782.19258875992
"1/sp|P22307|NLTP_HUMAN"	"HUMAN"	482.775450796324	473.706466147366	540.294699374323	469.619279901335	531.209930752984	555.563253063848
"1/sp|P22314|UBA1_HUMAN"	"HUMAN"	3861.80843955339	4005.02485915741	3974.57819136669	4097.84841073109	3975.60942776983	3998.85294245527
"1/sp|P22333|ADD_ECOLI"	"ECOLI"	84.5573441245316	NA	161.804064863109	603.940224280422	647.327215487557	716.80446526173
"1/sp|P22392|NDKB_HUMAN"	"HUMAN"	448.223025363635	494.450988220207	464.5042447454	416.208522123899	451.9955731604	436.827474877196
"1/sp|P22564|RIHC_ECOLI"	"ECOLI"	NA	NA	NA	187.815373018467	86.4849864330073	131.459530322987
"1/sp|P22626|ROA2_HUMAN"	"HUMAN"	7548.87499415877	8213.99682830083	7885.52994382398	8414.52356174009	8228.26758641403	8531.55115070283
"1/sp|P22695|QCR2_HUMAN"	"HUMAN"	767.605466173324	765.58184512979	735.401857502337	768.442080701179	762.507091673308	763.677864045574
"1/sp|P23193|TCEA1_HUMAN"	"HUMAN"	728.210786274716	710.010005146093	735.843757446751	757.299115097723	727.893618966002	730.878800262564
"1/sp|P23246|SFPQ_HUMAN"	"HUMAN"	1866.95212085729	1901.16447777029	1914.10312736519	1981.93564790113	1865.54863073548	1985.47807607056
"1/sp|P23284|PPIB_HUMAN"	"HUMAN"	5116.56628369358	5478.65881924124	5308.8209003983	5450.33936169213	5432.37596725008	5592.79344555656
"1/sp|P23368|MAOM_HUMAN"	"HUMAN"	NA	260.917274392147	252.461594350615	401.019816831634	373.960839845813	302.025967634973
"1/sp|P23381|SYWC_HUMAN"	"HUMAN"	807.789241393533	799.271606209657	809.983939402456	840.215748167034	850.689459761412	856.189944466218
"1/sp|P23396|RS3_HUMAN"	"HUMAN"	4759.88931602882	4989.97906976054	4911.50074921448	4900.81912900716	4750.16810767489	4987.7861962442
"1/sp|P23526|SAHH_HUMAN"	"HUMAN"	3290.09395299891	3379.16436392355	3405.31034060796	2532.03636379955	2423.49998750755	2532.39622422451
"1/sp|P23528|COF1_HUMAN"	"HUMAN"	6430.52250323563	6362.30038297913	6389.86819395419	5918.18938265292	5790.19302013181	6082.12295462151
"1/sp|P23588|IF4B_HUMAN"	"HUMAN"	570.898853888194	561.589782679911	559.278378778083	642.438387088982	605.040986125384	617.197747519805
"1/sp|P23721|SERC_ECOLI"	"ECOLI"	NA	NA	64.7535295093344	514.154642676458	495.462707684714	471.770554231004
"1/sp|P23786|CPT2_HUMAN"	"HUMAN"	287.759423243938	269.649220408961	317.489269721945	304.570453326368	361.151948504229	272.947720656843
"1/sp|P23827|ECOT_ECOLI"	"ECOLI"	NA	NA	NA	415.054550050407	356.915260075614	561.019909052704
"1/sp|P23830|PSS_ECOLI"	"ECOLI"	NA	NA	NA	104.273055580531	70.8372133976823	95.0008957075178
"1/sp|P23836|PHOP_ECOLI"	"ECOLI"	NA	NA	NA	275.926541024386	129.811927262898	234.675140403566
"1/sp|P23839|YICC_ECOLI"	"ECOLI"	NA	NA	NA	376.520277489608	436.224154616599	337.550359301891
"1/sp|P23843|OPPA_ECOLI"	"ECOLI"	NA	NA	NA	321.665699401415	276.208660865329	121.505285772843
"1/sp|P23847|DPPA_ECOLI"	"ECOLI"	33.4633163317681	NA	NA	391.497424034696	364.526377507246	230.32021167689
"1/sp|P23869|PPIB_ECOLI"	"ECOLI"	165.64175361733	NA	356.300590817045	1069.51849051577	991.004823150682	1080.09795989001
"1/sp|P23882|FMT_ECOLI"	"ECOLI"	NA	NA	NA	219.762741584995	320.329920954615	NA
"1/sp|P23893|GSA_ECOLI"	"ECOLI"	NA	NA	NA	798.327899654553	803.883993546262	850.699365903471
"1/sp|P23894|HTPX_ECOLI"	"ECOLI"	NA	NA	NA	109.398400448586	109.20593122462	NA
"1/sp|P23919|KTHY_HUMAN"	"HUMAN"	196.636679103496	NA	214.808485496071	NA	316.536396367416	NA
"1/sp|P23921|RIR1_HUMAN"	"HUMAN"	728.142474356023	859.655743874504	697.408327720155	639.459195876057	725.035818217813	746.91389303403
"1/sp|P24171|DCP_ECOLI"	"ECOLI"	1472.27390323934	NA	NA	1407.00568116911	510.051970879347	1440.0463963774
"1/sp|P24182|ACCC_ECOLI"	"ECOLI"	179.713714593992	NA	196.946693075184	717.180748747862	786.138799417482	515.999170994259
"1/sp|P24183|FDNG_ECOLI"	"ECOLI"	NA	NA	NA	247.191884972551	215.724640135961	268.189832674286
"1/sp|P24186|FOLD_ECOLI"	"ECOLI"	NA	NA	NA	NA	158.659509448846	NA
"1/sp|P24205|MSBB_ECOLI"	"ECOLI"	NA	NA	NA	114.525903826764	NA	NA
"1/sp|P24251|CRL_ECOLI"	"ECOLI"	NA	NA	NA	290.147863615956	NA	279.833212075254
"1/sp|P24534|EF1B_HUMAN"	"HUMAN"	4769.87002544651	4807.37753558457	4513.8146408388	4788.29494471148	4440.48961232409	4792.01533007777
"1/sp|P24539|AT5F1_HUMAN"	"HUMAN"	920.219114024088	1409.15700163039	1465.16240809105	1686.9310227373	1622.92354615316	1723.5264908561
"1/sp|P24666|PPAC_HUMAN"	"HUMAN"	677.971031806294	619.733746999803	687.702762020572	760.6560288428	673.079035313239	660.085673933406
"1/sp|P24752|THIL_HUMAN"	"HUMAN"	1564.70703664644	1483.57241473632	1393.97807635415	1322.81214007222	1281.32176395675	1337.15732836178
"1/sp|P25205|MCM3_HUMAN"	"HUMAN"	1604.22665629012	1646.66700060178	1608.92517716807	1649.76526470482	1502.68270739896	1566.31891875434
"1/sp|P25325|THTM_HUMAN"	"HUMAN"	NA	NA	NA	NA	184.579694486244	NA
"1/sp|P25397|TEHB_ECOLI"	"ECOLI"	NA	NA	NA	NA	NA	434.146590414071
"1/sp|P25398|RS12_HUMAN"	"HUMAN"	2090.87037890757	2073.23108456234	2092.32659839779	2154.97033798216	2065.74639012069	2097.16606041702
"1/sp|P25437|FRMA_ECOLI"	"ECOLI"	NA	NA	NA	421.223411764341	244.494494867856	238.882223252378
"1/sp|P25516|ACON1_ECOLI"	"ECOLI"	653.878159527013	670.781510166362	719.418080299093	2290.51075073731	2228.02566674726	2339.33118660834
"1/sp|P25519|HFLX_ECOLI"	"ECOLI"	NA	NA	NA	346.466168890633	NA	NA
"1/sp|P25522|MNME_ECOLI"	"ECOLI"	NA	NA	NA	466.875140711185	129.502388056233	NA
"1/sp|P25526|GABD_ECOLI"	"ECOLI"	NA	71.8714414679936	NA	463.970886617775	458.129102036299	438.530259221252
"1/sp|P25553|ALDA_ECOLI"	"ECOLI"	221.792491488159	171.179218876987	220.294429823523	3867.67731936513	3684.2216349169	3956.81657362241
"1/sp|P25665|METE_ECOLI"	"ECOLI"	NA	NA	NA	105.077261497947	132.413226579961	98.4391477463442
"1/sp|P25685|DNJB1_HUMAN"	"HUMAN"	615.346812919113	606.903912956214	643.427640150695	570.195179898798	620.318326063341	606.376873935158
"1/sp|P25705|ATPA_HUMAN"	"HUMAN"	11901.7982300747	12178.9446919571	12359.96667752	11397.131002008	11402.0759991658	11889.6351571145
"1/sp|P25738|MSYB_ECOLI"	"ECOLI"	114.03560400437	110.602064667991	119.093223008253	366.179992648033	337.570471121491	349.035710840662
"1/sp|P25786|PSA1_HUMAN"	"HUMAN"	2142.40819163906	2170.89145733413	2177.33159227234	2168.18917829903	2156.11137913953	2117.82293590846
"1/sp|P25787|PSA2_HUMAN"	"HUMAN"	869.331548271456	868.14068508457	814.994054914881	736.301425045525	732.718637646982	792.715815273542
"1/sp|P25788|PSA3_HUMAN"	"HUMAN"	1591.20502542622	1550.30964224196	1535.34189833767	1547.4409790998	1508.71180742011	1535.79411826495
"1/sp|P25789|PSA4_HUMAN"	"HUMAN"	1411.87903575167	1399.74805623448	1365.84758742	1758.84446891187	1639.31497625949	1773.21414615241
"1/sp|P25906|YDBC_ECOLI"	"ECOLI"	NA	NA	NA	159.917321406264	140.048639619435	79.8500464285168
"1/sp|P26006|ITA3_HUMAN"	"HUMAN"	787.67449120297	727.36993117892	790.827792520374	766.054689128981	811.78099673003	767.985452751428
"1/sp|P26038|MOES_HUMAN"	"HUMAN"	3407.30670624862	3315.97569000968	3382.11159041793	3220.11023334581	3099.18232736414	3162.42461950331
"1/sp|P26196|DDX6_HUMAN"	"HUMAN"	471.376339039607	396.386032337704	467.071889061247	455.987979145547	324.526788474057	443.126344773149
"1/sp|P26358|DNMT1_HUMAN"	"HUMAN"	135.428252845917	300.068240169053	NA	110.52070201937	358.153167700424	128.319242408931
"1/sp|P26368|U2AF2_HUMAN"	"HUMAN"	824.436693503379	1069.24835829829	1017.5593317281	1178.42202302174	845.253011751668	814.063601623981
"1/sp|P26373|RL13_HUMAN"	"HUMAN"	5459.87011548632	5689.65991843826	5492.03771902126	5848.00815447335	5652.87110715064	5884.11039335672
"1/sp|P26447|S10A4_HUMAN"	"HUMAN"	3370.71890612893	3483.98480457424	3542.35692328517	3558.60604464366	3539.00678503506	3698.91085145471
"1/sp|P26459|APPC_ECOLI"	"ECOLI"	NA	NA	NA	189.317568523987	NA	NA
"1/sp|P26583|HMGB2_HUMAN"	"HUMAN"	820.265325120967	751.682384892112	834.8426437887	935.578664764684	805.385110105091	896.528183287505
"1/sp|P26599|PTBP1_HUMAN"	"HUMAN"	4047.54547050986	3989.69120410149	4075.16510874439	3585.25550484713	3346.84865403733	3515.27831663813
"1/sp|P26616|MAO1_ECOLI"	"ECOLI"	NA	NA	NA	571.662238364044	585.587860031813	533.495530824567
"1/sp|P26639|SYTC_HUMAN"	"HUMAN"	2552.72740895247	2533.97933814303	2595.6404054055	2514.66483038803	2412.95100300839	2490.05143787486
"1/sp|P26640|SYVC_HUMAN"	"HUMAN"	681.829276779878	634.016387375866	687.098595568401	606.393816984995	626.420018423712	644.315734102319
"1/sp|P26641|EF1G_HUMAN"	"HUMAN"	4921.4412582	4977.95816810813	4901.66823592331	5164.78841542568	4871.851660113	5044.87398627385
"1/sp|P26646|ACUI_ECOLI"	"ECOLI"	98.1660724394242	134.391975264959	NA	642.279726925779	582.125376337515	610.890043910568
"1/sp|P26885|FKBP2_HUMAN"	"HUMAN"	692.330091388169	772.596653542873	802.04658123466	802.397552881307	740.556460203886	835.986784183908
"1/sp|P27105|STOM_HUMAN"	"HUMAN"	509.103255763943	532.107767366958	538.247428422178	503.78283517281	462.210150373194	481.447846893577
"1/sp|P27144|KAD4_HUMAN"	"HUMAN"	506.57384159093	387.934677843368	578.542173256336	446.375966959835	494.339984424052	218.375195879723
"1/sp|P27248|GCST_ECOLI"	"ECOLI"	171.555913176917	183.524206704414	277.583015493742	1174.65377243103	1088.09213695026	1065.09654792483
"1/sp|P27250|YJGB_ECOLI"	"ECOLI"	334.011576889489	337.071127599028	319.107025299828	1060.18840236924	1054.47969709334	1118.59623049234
"1/sp|P27298|OPDA_ECOLI"	"ECOLI"	245.672605595854	251.824985560248	185.147229016439	758.766405319259	728.0522982285	684.62519363132
"1/sp|P27302|TKT1_ECOLI"	"ECOLI"	360.040823258674	418.4337939888	366.036186603405	1683.35626343277	1738.40160122493	1640.30647850686
"1/sp|P27306|STHA_ECOLI"	"ECOLI"	NA	NA	NA	174.167399907889	235.483307433258	188.608566614853
"1/sp|P27348|1433T_HUMAN"	"HUMAN"	1644.98309524344	1661.52717632862	1713.27758085917	1612.61645141084	1551.65861408919	1620.83967247946
"1/sp|P27431|YCFD_ECOLI"	"ECOLI"	NA	NA	NA	199.281788056506	NA	NA
"1/sp|P27434|RODZ_ECOLI"	"ECOLI"	NA	NA	NA	372.82481143101	344.427729013418	349.413278349485
"1/sp|P27550|ACSA_ECOLI"	"ECOLI"	NA	NA	NA	368.609394547218	385.805536976359	333.312334340515
"1/sp|P27635|RL10_HUMAN"	"HUMAN"	500.886352553771	503.552635642656	474.238155018786	581.541898414263	453.153845800852	587.757000996541
"1/sp|P27694|RFA1_HUMAN"	"HUMAN"	539.935916026394	554.754816282806	608.352186253142	600.027815322746	554.180417408733	572.101493530156
"1/sp|P27695|APEX1_HUMAN"	"HUMAN"	1374.86194583954	1284.42111429096	1347.54477851798	1224.24791465845	1144.90509306939	1254.85153605596
"1/sp|P27708|PYR1_HUMAN"	"HUMAN"	2453.14552347952	2490.48432961444	1162.52596133443	1127.15992098573	1698.25137153979	1093.36539578811
"1/sp|P27797|CALR_HUMAN"	"HUMAN"	4982.719278084	4884.41161280991	4657.58750716619	4702.74817180456	4679.2366059791	4806.81762410748
"1/sp|P27816|MAP4_HUMAN"	"HUMAN"	1147.93637928671	1125.83807227098	1186.81094208192	1066.51649698633	1254.54393748096	1359.81888704386
"1/sp|P27824|CALX_HUMAN"	"HUMAN"	4721.76586176448	4734.89999663272	4371.98854052724	4673.56852840105	4442.84648054414	4690.14914600805
"1/sp|P27833|RFFA_ECOLI"	"ECOLI"	NA	NA	NA	NA	NA	77.3473493856444
"1/sp|P28066|PSA5_HUMAN"	"HUMAN"	1287.07419835413	1381.95780888409	1351.88052924814	1482.35488025541	1401.97415133261	1366.02476764122
"1/sp|P28070|PSB4_HUMAN"	"HUMAN"	559.503840545756	540.830362315114	559.295778732834	789.735444883781	790.630149517522	729.298470825925
"1/sp|P28072|PSB6_HUMAN"	"HUMAN"	1217.98182652417	1208.02369558745	1067.99612803233	1236.29618950331	1236.78370412919	1290.56427717529
"1/sp|P28074|PSB5_HUMAN"	"HUMAN"	874.611139660884	899.030813204332	913.512930636989	882.154821546012	918.632990936044	905.577622789937
"1/sp|P28288|ABCD3_HUMAN"	"HUMAN"	393.27161182826	446.078590040846	373.449664473426	437.026969142999	378.656701484218	408.608271108119
"1/sp|P28304|QOR1_ECOLI"	"ECOLI"	117.359647231102	128.059995864958	125.116509093873	717.439092128571	700.409836083963	722.563190591603
"1/sp|P28331|NDUS1_HUMAN"	"HUMAN"	696.730971047947	601.217904866832	717.853852454297	774.474075825233	668.812095399984	606.344043297814
"1/sp|P28340|DPOD1_HUMAN"	"HUMAN"	232.838437837664	219.49312739614	236.553152003561	307.687377358438	245.423838556511	230.400199424671
"1/sp|P28635|METQ_ECOLI"	"ECOLI"	NA	NA	NA	114.724048446959	NA	NA
"1/sp|P28838|AMPL_HUMAN"	"HUMAN"	319.197516431863	339.368730664945	363.668093356813	307.518558197606	339.224859044475	365.9550880277
"1/sp|P28861|FENR_ECOLI"	"ECOLI"	NA	NA	NA	NA	223.027203123571	NA
"1/sp|P28904|TREC_ECOLI"	"ECOLI"	NA	NA	NA	410.105746526892	174.960821953742	96.3077213252808
"1/sp|P29144|TPP2_HUMAN"	"HUMAN"	492.696275528611	647.549373500129	587.13283767396	624.892621463984	563.149726903521	640.212477025622
"1/sp|P29217|YCEH_ECOLI"	"ECOLI"	NA	NA	NA	260.977202451279	NA	NA
"1/sp|P29218|IMPA1_HUMAN"	"HUMAN"	212.620843778365	194.149803261098	205.353226133401	188.67757813654	NA	NA
"1/sp|P29401|TKT_HUMAN"	"HUMAN"	21139.0148832408	22969.7633606045	22363.4928419314	23625.6344131206	22201.4742846221	23183.3632572826
"1/sp|P29692|EF1D_HUMAN"	"HUMAN"	2479.61757423831	2500.01792277058	2487.12192173649	2418.17085066104	2407.6322510645	2586.38884078504
"1/sp|P29745|PEPT_ECOLI"	"ECOLI"	NA	NA	NA	585.405185769603	570.271099471405	432.049302927327
"1/sp|P29966|MARCS_HUMAN"	"HUMAN"	155.209775015112	184.41887011805	139.070624037643	166.032757311232	208.80166650095	218.612357120701
"1/sp|P30040|ERP29_HUMAN"	"HUMAN"	2470.46293318848	2558.48710488768	2630.56710286471	2446.75522877136	2512.2867085419	2557.43405513886
"1/sp|P30041|PRDX6_HUMAN"	"HUMAN"	6250.72891242503	6468.87797507579	6256.28536794596	6037.44793656336	5722.43941146291	6169.22374551043
"1/sp|P30043|BLVRB_HUMAN"	"HUMAN"	262.428433405769	205.17786463226	280.021718787044	231.813098693937	269.694115825793	221.76275728346
"1/sp|P30044|PRDX5_HUMAN"	"HUMAN"	5844.26650721918	5515.92099759269	5579.59201867213	5611.16731015185	5372.14552399342	5592.98161876481
"1/sp|P30048|PRDX3_HUMAN"	"HUMAN"	3220.58842041957	3297.28801072407	3225.87613804419	3232.98718427482	3020.71541140979	3020.95784254464
"1/sp|P30049|ATPD_HUMAN"	"HUMAN"	748.835012146133	786.382295523213	810.151221482989	819.639310094118	743.88020455052	807.062314564688
"1/sp|P30050|RL12_HUMAN"	"HUMAN"	3186.81720437999	3146.09656809125	3108.90508978469	3150.37040815556	3131.40029146643	3150.88720764564
"1/sp|P30084|ECHM_HUMAN"	"HUMAN"	1287.83111753594	960.831361147295	1170.86387279354	1361.83675708892	1301.51531045001	1329.44098253935
"1/sp|P30085|KCY_HUMAN"	"HUMAN"	1032.00846033991	973.806069271186	875.415493527672	901.157590595155	894.812272527067	910.513407365787
"1/sp|P30086|PEBP1_HUMAN"	"HUMAN"	2024.88334123981	2080.90426407338	2061.42367167324	2057.09984199236	2061.38258268407	2107.09800685031
"1/sp|P30101|PDIA3_HUMAN"	"HUMAN"	5370.82861396601	5582.37883543742	5365.39843952963	5352.27997532893	5143.77349286157	5369.24206435447
"1/sp|P30136|THIC_ECOLI"	"ECOLI"	NA	NA	NA	408.787675559408	413.280758447159	406.565825364611
"1/sp|P30137|THIE_ECOLI"	"ECOLI"	NA	NA	NA	246.568686318379	283.649424522138	256.016448688168
"1/sp|P30138|THIF_ECOLI"	"ECOLI"	NA	NA	NA	NA	72.1720422413679	NA
"1/sp|P30139|THIG_ECOLI"	"ECOLI"	NA	NA	NA	196.928933278361	NA	539.510093049617
"1/sp|P30140|THIH_ECOLI"	"ECOLI"	NA	NA	207.455393424518	NA	NA	NA
"1/sp|P30153|2AAA_HUMAN"	"HUMAN"	857.386475829954	810.351435965952	842.788813653496	869.646045412686	1100.36564761804	1133.99464601357
"1/sp|P30177|YBIB_ECOLI"	"ECOLI"	NA	NA	NA	360.25702495905	414.049892767979	331.127689634718
"1/sp|P30419|NMT1_HUMAN"	"HUMAN"	520.760106611369	488.691862338912	509.377077882448	534.658739221959	564.71099575512	642.729576471403
"1/sp|P30533|AMRP_HUMAN"	"HUMAN"	482.915794092131	406.75428475365	512.273734106997	338.048834733082	332.684406139451	418.253455734251
"1/sp|P30566|PUR8_HUMAN"	"HUMAN"	276.459370660085	190.672999695562	287.137752471212	259.385660107165	303.089186354557	287.904895066269
"1/sp|P30626|SORCN_HUMAN"	"HUMAN"	1224.67865617652	1173.8256102244	1236.96647386321	1316.66395574911	1230.6718152277	1360.76040252619
"1/sp|P30740|ILEU_HUMAN"	"HUMAN"	344.093093199733	365.457006997246	412.565042043875	375.389430670687	406.445078319259	384.383365458486
"1/sp|P30744|SDHM_ECOLI"	"ECOLI"	NA	NA	NA	89.3962013778944	NA	NA
"1/sp|P30837|AL1B1_HUMAN"	"HUMAN"	265.256183867452	250.704212242144	257.267573496836	255.467724969205	221.44317905208	221.378330922636
"1/sp|P30838|AL3A1_HUMAN"	"HUMAN"	605.383470350917	618.919234473522	620.844822662624	658.747586504288	651.373602854988	686.601883938165
"1/sp|P30850|RNB_ECOLI"	"ECOLI"	NA	NA	NA	NA	429.472073591364	642.924993343348
"1/sp|P30859|ARTI_ECOLI"	"ECOLI"	NA	NA	NA	343.083345295434	348.874633048468	370.776335584894
"1/sp|P30958|MFD_ECOLI"	"ECOLI"	NA	NA	NA	NA	124.838322825182	87.0136695519413
"1/sp|P31040|DHSA_HUMAN"	"HUMAN"	2623.65382511492	2940.30110270799	2706.62239007289	2178.55401797898	2094.2708140859	2197.98902381461
"1/sp|P31057|PANB_ECOLI"	"ECOLI"	419.353938893852	383.623844111977	427.297451602108	1133.17647357429	1049.51773008135	1007.59079335517
"1/sp|P31120|GLMM_ECOLI"	"ECOLI"	NA	85.8842213355144	NA	484.352771425127	317.836088660276	347.216790019691
"1/sp|P31142|THTM_ECOLI"	"ECOLI"	NA	NA	NA	480.27885611333	493.449297452482	528.846558391554
"1/sp|P31150|GDIA_HUMAN"	"HUMAN"	287.568840767517	262.473969147924	384.300939373165	240.013236828232	246.649592856115	239.472731630734
"1/sp|P31153|METK2_HUMAN"	"HUMAN"	952.495943087019	1037.52398303934	1044.66870037584	1140.71688567102	1007.56134213805	1131.80189605903
"1/sp|P31224|ACRB_ECOLI"	"ECOLI"	NA	NA	NA	NA	90.1949429880403	200.217196030628
"1/sp|P31327|CPSM_HUMAN"	"HUMAN"	7309.3694720806	7207.6732148891	7393.18557403081	7253.10151175474	6688.73082831096	7187.44213341065
"1/sp|P31554|LPTD_ECOLI"	"ECOLI"	NA	NA	NA	NA	57.659750215245	52.9854906670338
"1/sp|P31658|HCHA_ECOLI"	"ECOLI"	1570.74238959049	1646.26464725256	1570.97996499224	5219.4423968709	5220.39541581993	5394.29695634008
"1/sp|P31663|PANC_ECOLI"	"ECOLI"	NA	NA	NA	473.785828620603	461.721266646458	438.539835430591
"1/sp|P31677|OTSA_ECOLI"	"ECOLI"	58.7539561724256	NA	170.340897875011	580.165233953482	539.993844156311	553.8388164986
"1/sp|P31678|OTSB_ECOLI"	"ECOLI"	NA	NA	NA	187.223588790505	147.284778981906	87.5637679257482
"1/sp|P31689|DNJA1_HUMAN"	"HUMAN"	567.787984207159	580.406080064092	539.258484805107	541.43778024297	685.957696214559	555.093968706384
"1/sp|P31806|NNR_ECOLI"	"ECOLI"	NA	NA	NA	2409.81688138856	2375.55582353901	2432.39297242468
"1/sp|P31808|YCIK_ECOLI"	"ECOLI"	NA	NA	NA	NA	NA	155.005952579722
"1/sp|P31930|QCR1_HUMAN"	"HUMAN"	1772.8696162808	1760.8770348743	1383.93891704302	1328.33235672741	1336.62595816086	1405.07377566051
"1/sp|P31937|3HIDH_HUMAN"	"HUMAN"	567.71772540664	598.410122911534	593.593269327238	570.376186726606	603.450907565533	599.532683749687
"1/sp|P31939|PUR9_HUMAN"	"HUMAN"	1900.59017612208	2002.27297772136	1956.05959516193	1981.23042786395	2100.20530153755	2120.01411726322
"1/sp|P31942|HNRH3_HUMAN"	"HUMAN"	1827.57261929625	1846.20201147964	1879.31565524978	1721.84483188357	1727.13835503033	1817.17285834971
"1/sp|P31943|HNRH1_HUMAN"	"HUMAN"	1916.57962015342	1879.53609282829	1869.12018650105	1869.74752454209	1979.20926960755	1974.31898272561
"1/sp|P31946|1433B_HUMAN"	"HUMAN"	1535.74644762334	1647.80188203095	1577.50011287332	1603.67431726985	1542.5295712261	1592.69801474911
"1/sp|P31947|1433S_HUMAN"	"HUMAN"	274.903954475755	258.817973339648	270.089337843073	257.541090429871	276.150423101045	287.296167162963
"1/sp|P31948|STIP1_HUMAN"	"HUMAN"	2672.7793345765	2836.53789068465	2744.29464755891	2840.77316141138	2746.81267367199	2859.48451333356
"1/sp|P31949|S10AB_HUMAN"	"HUMAN"	3831.51950871408	3730.94508553653	3776.35768050122	3417.94111394954	3248.94923485809	3347.32074763372
"1/sp|P31979|NUOF_ECOLI"	"ECOLI"	NA	449.665766525085	612.685579796244	328.40045121588	317.637447661423	360.175615686323
"1/sp|P32004|L1CAM_HUMAN"	"HUMAN"	983.593730292037	1018.28425888643	1055.84869329383	1099.13565697075	1137.74692442338	1142.58353136361
"1/sp|P32119|PRDX2_HUMAN"	"HUMAN"	5984.7325348097	5756.81301205888	5794.91536875233	5570.94282077157	5355.79506062354	5637.47709443749
"1/sp|P32132|TYPA_ECOLI"	"ECOLI"	88.4992905915818	156.329876652363	149.89320946685	835.192801330453	835.671605341816	832.107716416072
"1/sp|P32157|YIIM_ECOLI"	"ECOLI"	NA	NA	NA	254.389990466008	175.217944786049	146.824443412319
"1/sp|P32176|FDOG_ECOLI"	"ECOLI"	NA	NA	NA	523.611460356545	484.140050402711	463.664307362227
"1/sp|P32322|P5CR1_HUMAN"	"HUMAN"	400.857897580392	377.473589960806	392.986526632903	401.550390560201	404.184051299045	368.384734892585
"1/sp|P32969|RL9_HUMAN"	"HUMAN"	2204.53664892475	2329.33226958321	2311.13274315545	2473.14822656898	2304.6568972402	2253.29050096614
"1/sp|P33012|SBMC_ECOLI"	"ECOLI"	NA	NA	NA	NA	NA	112.056648345316
"1/sp|P33136|OPGG_ECOLI"	"ECOLI"	NA	NA	136.533048074135	630.72270776261	591.661950630386	591.47186160674
"1/sp|P33176|KINH_HUMAN"	"HUMAN"	381.76016586223	355.164101671362	356.918067730517	390.329816193744	372.749578046164	523.426497862225
"1/sp|P33195|GCSP_ECOLI"	"ECOLI"	125.001727675831	377.82643632257	56.8260494310259	1440.11364816248	1522.40019363269	1396.62584805391
"1/sp|P33224|AIDB_ECOLI"	"ECOLI"	NA	NA	NA	NA	124.645078086083	NA
"1/sp|P33232|LLDD_ECOLI"	"ECOLI"	NA	NA	NA	NA	105.80811751291	NA
"1/sp|P33240|CSTF2_HUMAN"	"HUMAN"	176.679883053373	194.988743169149	173.40457951598	190.161308341383	199.978990660993	188.165770816582
"1/sp|P33316|DUT_HUMAN"	"HUMAN"	1663.77781808715	1728.98081232001	1736.86847888614	1730.17041805475	1646.67337734963	1712.74194317414
"1/sp|P33362|OSMF_ECOLI"	"ECOLI"	NA	NA	NA	266.945135747359	252.35349460611	305.35094777929
"1/sp|P33527|MRP1_HUMAN"	"HUMAN"	271.727771263029	106.449875364982	240.370767011721	261.503354699155	300.441928272658	328.831190295217
"1/sp|P33570|TKT2_ECOLI"	"ECOLI"	357.309051270133	541.708686799303	540.691928192357	1227.19788962552	1148.86584916433	1239.11897344797
"1/sp|P33599|NUOCD_ECOLI"	"ECOLI"	94.3206072753833	78.9576513144869	NA	795.272581059837	789.073691619698	749.778193618509
"1/sp|P33602|NUOG_ECOLI"	"ECOLI"	NA	NA	NA	431.610740613773	345.775972910595	328.869641405532
"1/sp|P33643|RLUD_ECOLI"	"ECOLI"	NA	NA	NA	95.819440944774	109.31335007897	175.875424156307
"1/sp|P33920|NDPA_ECOLI"	"ECOLI"	NA	NA	NA	147.837055370594	121.705377387486	NA
"1/sp|P33991|MCM4_HUMAN"	"HUMAN"	840.782128136355	846.669514173096	847.097303237513	817.12406354348	826.764205688404	827.787827491327
"1/sp|P33992|MCM5_HUMAN"	"HUMAN"	983.27775101969	1013.72317611505	1011.62559992825	1039.58750251501	956.080241827278	1001.49488104509
"1/sp|P33993|MCM7_HUMAN"	"HUMAN"	1161.40190133555	1270.05375493581	1239.43987930129	1188.4987059789	1201.86246195644	1255.05270790236
"1/sp|P34209|YDCF_ECOLI"	"ECOLI"	NA	NA	NA	302.471611645889	NA	228.884989904286
"1/sp|P34896|GLYC_HUMAN"	"HUMAN"	567.597108774969	428.667171522983	139.239429912771	516.570833382875	534.936365626887	594.727572137839
"1/sp|P34897|GLYM_HUMAN"	"HUMAN"	2560.24594637244	2570.66958802341	2692.53856971063	2667.32146432334	2671.34666702513	2898.74764827097
"1/sp|P34932|HSP74_HUMAN"	"HUMAN"	1915.70091861748	1958.81698717122	1993.38106567049	1866.1263345776	1730.90363291932	1784.11303216544
"1/sp|P35052|GPC1_HUMAN"	"HUMAN"	189.591182844864	210.409266183848	232.167154480698	196.79996970485	286.142073857843	208.938207947981
"1/sp|P35221|CTNA1_HUMAN"	"HUMAN"	167.056022431299	165.146091409746	168.306378265316	281.133592110626	86.384401415357	286.15897682292
"1/sp|P35232|PHB_HUMAN"	"HUMAN"	4466.49238000119	4485.83876212885	4510.35171710421	4218.90671811437	4076.16430550036	4223.14079726566
"1/sp|P35237|SPB6_HUMAN"	"HUMAN"	857.538503687712	853.088343150051	819.275574069465	907.418864582128	868.097554395967	902.465644037362
"1/sp|P35241|RADI_HUMAN"	"HUMAN"	682.371941258066	670.032835982112	831.817185219329	778.553844046292	675.932770493886	707.562811191967
"1/sp|P35244|RFA3_HUMAN"	"HUMAN"	518.258108008698	524.405260119806	516.903159123409	519.122242150681	534.165563298378	532.180949694574
"1/sp|P35249|RFC4_HUMAN"	"HUMAN"	804.748558360043	890.850602097721	721.776498792364	763.442514883857	818.469986859514	760.858556790532
"1/sp|P35250|RFC2_HUMAN"	"HUMAN"	190.957694271244	211.72320336012	208.116703715347	257.23457604315	426.818330308565	289.800243217779
"1/sp|P35268|RL22_HUMAN"	"HUMAN"	3624.32850587122	3700.76114929146	3829.40044596066	3868.66803884376	3555.03559027514	3716.61010305064
"1/sp|P35270|SPRE_HUMAN"	"HUMAN"	164.044235091248	132.143990112209	130.500102160563	104.960611874218	114.702289196126	117.710372188019
"1/sp|P35340|AHPF_ECOLI"	"ECOLI"	316.321403369466	255.163120622355	320.47155188893	930.872065368044	965.767785031023	921.869903276586
"1/sp|P35520|CBS_HUMAN"	"HUMAN"	NA	NA	NA	279.790666778954	NA	337.078513874258
"1/sp|P35579|MYH9_HUMAN"	"HUMAN"	2729.03959179549	2897.56535726552	2797.77149722158	2909.17675541435	2794.75616158722	2940.85004997658
"1/sp|P35580|MYH10_HUMAN"	"HUMAN"	124.214799192922	NA	NA	90.7112145205893	NA	92.6645536878593
"1/sp|P35606|COPB2_HUMAN"	"HUMAN"	1051.6436049847	831.369313193559	1111.90836413232	849.420338431984	902.244756006149	940.438140277329
"1/sp|P35610|SOAT1_HUMAN"	"HUMAN"	386.205583333402	391.963773645053	388.937608665475	398.640429883541	432.657519532644	426.328031111256
"1/sp|P35613|BASI_HUMAN"	"HUMAN"	3596.37145322982	3582.12019066888	3536.49801878488	3914.07613886593	3787.38384969299	3870.60837116803
"1/sp|P35637|FUS_HUMAN"	"HUMAN"	1243.59194388264	1196.15366309993	1200.71788610706	1223.28614016112	1181.39272747502	1213.49653025405
"1/sp|P35659|DEK_HUMAN"	"HUMAN"	1381.4454704846	1387.63820912573	1490.35392113874	1445.05295682595	1396.67183404483	1459.94205285051
"1/sp|P35998|PRS7_HUMAN"	"HUMAN"	764.07172710141	749.795866057484	718.585419780966	743.552363790022	1486.83921061033	1515.43897897222
"1/sp|P36404|ARL2_HUMAN"	"HUMAN"	120.97837837346	196.529476812547	NA	198.335441706523	202.683702674741	174.775696234164
"1/sp|P36542|ATPG_HUMAN"	"HUMAN"	1772.72617257889	1814.32032865587	1683.91150693925	1772.60370961286	1747.75932492009	1762.14378705773
"1/sp|P36543|VATE1_HUMAN"	"HUMAN"	231.617682129149	249.41327692249	NA	231.381763135498	NA	NA
"1/sp|P36578|RL4_HUMAN"	"HUMAN"	6730.05092897305	6849.10766093286	6557.7526815057	6811.29707339822	6523.25056178934	6910.8804750774
"1/sp|P36659|CBPA_ECOLI"	"ECOLI"	NA	NA	NA	374.614734137631	394.232807308221	297.073415050341
"1/sp|P36683|ACON2_ECOLI"	"ECOLI"	1009.41047563283	1309.22928254571	1377.1624253516	1578.04035839145	1140.67462596578	1737.34178404256
"1/sp|P36767|RDGC_ECOLI"	"ECOLI"	NA	NA	NA	359.795924340241	NA	NA
"1/sp|P36776|LONM_HUMAN"	"HUMAN"	558.981247924651	557.499454317087	560.608329653305	558.990096218822	562.694570747258	561.876820667574
"1/sp|P36871|PGM1_HUMAN"	"HUMAN"	787.895245909204	1136.95960270554	733.346049247497	1046.97542895684	759.753424993171	1025.59276219138
"1/sp|P36938|PGM_ECOLI"	"ECOLI"	1310.77432733216	1522.59310008713	1340.78594542037	5352.33376747366	5360.99436738079	5573.2380812763
"1/sp|P36952|SPB5_HUMAN"	"HUMAN"	796.102842410303	815.754767696482	801.928389754492	743.219310969738	770.443495999402	736.38435053533
"1/sp|P36957|ODO2_HUMAN"	"HUMAN"	1444.84867331418	1437.16977668743	1337.25450601074	1469.14818673686	1611.16736964527	1610.11333700947
"1/sp|P36969|GPX4_HUMAN"	"HUMAN"	216.55289413522	203.199888167123	187.453290542008	175.341680261891	167.45547942221	187.712492487114
"1/sp|P37051|PURU_ECOLI"	"ECOLI"	NA	NA	NA	229.273583006056	NA	265.618745880627
"1/sp|P37095|PEPB_ECOLI"	"ECOLI"	423.668046306461	256.600971898519	796.692050836399	820.324583630915	842.400863066887	807.14557198563
"1/sp|P37108|SRP14_HUMAN"	"HUMAN"	2188.62110335244	2239.85833327305	2202.51756427593	2228.60100241133	2184.07752150418	2291.15141047357
"1/sp|P37177|PT1P_ECOLI"	"ECOLI"	NA	NA	NA	NA	60.2547126927165	NA
"1/sp|P37194|SLP_ECOLI"	"ECOLI"	1517.97456685813	1477.71930284204	1450.48101974988	5119.93446455876	5096.6069126357	5356.34698586108
"1/sp|P37198|NUP62_HUMAN"	"HUMAN"	176.468937432446	186.83639680026	155.794802962477	191.486326077842	201.039905950356	234.220732467307
"1/sp|P37330|MASZ_ECOLI"	"ECOLI"	NA	NA	NA	160.849525779432	169.422749557351	145.275594069701
"1/sp|P37440|UCPA_ECOLI"	"ECOLI"	NA	NA	NA	349.308635873026	160.14873685028	330.483454520945
"1/sp|P37636|MDTE_ECOLI"	"ECOLI"	236.491836914393	NA	NA	685.052017391788	685.706354690446	669.291063919288
"1/sp|P37637|MDTF_ECOLI"	"ECOLI"	NA	NA	NA	370.376842358619	482.202458643723	560.779986015906
"1/sp|P37645|YHJG_ECOLI"	"ECOLI"	NA	NA	NA	1031.58591426417	NA	960.307310742455
"1/sp|P37648|YHJJ_ECOLI"	"ECOLI"	NA	NA	NA	134.574535729941	107.343943957974	126.628253208714
"1/sp|P37666|GHRB_ECOLI"	"ECOLI"	NA	NA	NA	952.694314871361	791.988321413193	918.312796152621
"1/sp|P37685|ALDB_ECOLI"	"ECOLI"	NA	362.533781178205	NA	1015.90000882736	1074.92065030726	1070.61946135765
"1/sp|P37689|GPMI_ECOLI"	"ECOLI"	560.661992235412	260.689769053175	560.820637430268	1756.02493770904	1786.32606130912	1878.87853663071
"1/sp|P37744|RMLA1_ECOLI"	"ECOLI"	NA	NA	NA	NA	NA	289.972456153244
"1/sp|P37745|RMLC_ECOLI"	"ECOLI"	NA	NA	NA	99.4517886907048	NA	NA
"1/sp|P37747|GLF_ECOLI"	"ECOLI"	NA	NA	NA	163.604006376878	183.135893080192	103.545038376808
"1/sp|P37749|WBBI_ECOLI"	"ECOLI"	NA	NA	NA	211.978077174375	NA	NA
"1/sp|P37759|RMLB1_ECOLI"	"ECOLI"	NA	NA	NA	173.456196588431	255.697604673756	259.249857699732
"1/sp|P37765|RLUB_ECOLI"	"ECOLI"	NA	NA	NA	NA	NA	149.414905347796
"1/sp|P37773|MPL_ECOLI"	"ECOLI"	NA	NA	NA	554.250017752871	531.075787865474	255.299061965442
"1/sp|P37802|TAGL2_HUMAN"	"HUMAN"	6686.53919012763	6732.95862357953	6864.74834630058	6571.00934508754	6390.914962662	6512.12641348287
"1/sp|P37837|TALDO_HUMAN"	"HUMAN"	1522.83987331091	1539.35195170411	1494.54802223115	1580.56686113909	1512.72113358386	1563.35719427769
"1/sp|P37840|SYUA_HUMAN"	"HUMAN"	1444.26949151025	1388.43024969757	1542.1357896937	1438.6436190629	1350.88458221114	1390.5898908807
"1/sp|P37902|GLTI_ECOLI"	"ECOLI"	467.065821478231	407.959112993833	387.085078925041	1493.67282390239	1369.36891487092	1392.54858820733
"1/sp|P37903|USPF_ECOLI"	"ECOLI"	175.496751100647	NA	153.69381991609	697.808836402736	633.651356154819	728.085781183004
"1/sp|P38117|ETFB_HUMAN"	"HUMAN"	1918.29168171938	1950.89029271978	1857.34596705179	1961.39587190186	1879.13790243866	1950.92673414693
"1/sp|P38159|RBMX_HUMAN"	"HUMAN"	1318.6373467477	1300.42398832455	1370.32016830417	1292.82514270828	1239.83110593051	1221.75649908136
"1/sp|P38489|NFNB_ECOLI"	"ECOLI"	NA	82.3974678300485	96.206185126656	549.86378171987	515.886933955102	492.127177105155
"1/sp|P38606|VATA_HUMAN"	"HUMAN"	1284.77367879475	1313.46339918195	1252.49622207064	1325.00787731907	1281.58236968853	790.343182578992
"1/sp|P38646|GRP75_HUMAN"	"HUMAN"	9150.28861507751	9047.21208156637	8775.01330003824	8781.71380906122	8483.61360835273	8789.74365135524
"1/sp|P38919|IF4A3_HUMAN"	"HUMAN"	1641.47675646919	1616.6384953044	1544.79352926614	1625.60280979093	1628.30451408062	1631.757757356
"1/sp|P39019|RS19_HUMAN"	"HUMAN"	3065.78990904158	3122.03359390255	3149.99700515808	3179.67502634233	3076.44586371631	3299.186303721
"1/sp|P39023|RL3_HUMAN"	"HUMAN"	1729.36716646948	1768.85952550598	1820.99069106073	1737.30743746877	1780.62150624395	1779.42638314162
"1/sp|P39099|DEGQ_ECOLI"	"ECOLI"	NA	NA	NA	64.2823571726825	363.143982559848	334.059390856799
"1/sp|P39173|YEAD_ECOLI"	"ECOLI"	337.255605209432	NA	NA	1317.16702313288	1305.45080339155	1379.48941674302
"1/sp|P39177|USPG_ECOLI"	"ECOLI"	266.313602698282	1009.52996162942	751.478263018363	1626.88976063077	1572.99989907365	1650.40626090485
"1/sp|P39180|AG43_ECOLI"	"ECOLI"	NA	NA	NA	83.8329781479966	192.410236046184	117.310869695564
"1/sp|P39325|YTFQ_ECOLI"	"ECOLI"	421.957683565959	424.584251247985	403.245924861761	1621.61336878444	1396.85884093612	1803.05170190564
"1/sp|P39342|YJGR_ECOLI"	"ECOLI"	NA	NA	NA	87.63371527979	88.5660439969246	59.7314674012115
"1/sp|P39406|RSMC_ECOLI"	"ECOLI"	NA	NA	NA	305.883146233482	NA	NA
"1/sp|P39656|OST48_HUMAN"	"HUMAN"	2610.33870536889	2695.32759393101	2623.72278330708	2603.83650610918	2533.35409714386	2633.25434411478
"1/sp|P39687|AN32A_HUMAN"	"HUMAN"	1561.07776255812	1577.50534322592	1556.79920891317	1573.87917656365	1423.71026782847	1561.6072446236
"1/sp|P39748|FEN1_HUMAN"	"HUMAN"	1942.50453378855	2067.66931339204	1990.76953474739	1945.9215632132	1973.09816921095	1974.64385374785
"1/sp|P39831|YDFG_ECOLI"	"ECOLI"	394.169678028454	901.59787062325	566.01659874344	2196.42338266977	2169.86549685467	2221.75878096379
"1/sp|P40121|CAPG_HUMAN"	"HUMAN"	612.471337342652	655.327244964806	707.562530912246	680.871367339135	666.338483137615	680.259546501355
"1/sp|P40191|PDXK_ECOLI"	"ECOLI"	NA	NA	NA	NA	97.115187801806	NA
"1/sp|P40227|TCPZ_HUMAN"	"HUMAN"	1954.65924552502	1999.25176467937	1989.76579590836	1984.83683239426	1970.99906320706	1998.9053645773
"1/sp|P40261|NNMT_HUMAN"	"HUMAN"	319.797444353735	338.683880076947	372.401260824878	270.00815585897	259.264932889456	229.471718322067
"1/sp|P40429|RL13A_HUMAN"	"HUMAN"	756.966744092691	767.468422124917	745.09037239338	815.079794889773	769.90364778356	766.107668942682
"1/sp|P40763|STAT3_HUMAN"	"HUMAN"	141.132840651033	NA	133.701602436776	NA	128.307924731658	215.666530615984
"1/sp|P40925|MDHC_HUMAN"	"HUMAN"	2747.32706204827	2831.71356013909	2816.61181233649	2726.76676660862	2624.54839123774	2701.69790164786
"1/sp|P40926|MDHM_HUMAN"	"HUMAN"	7645.39850559396	8194.85758983964	8252.77748958236	8080.66712114924	7913.23761455402	8012.20607738619
"1/sp|P40937|RFC5_HUMAN"	"HUMAN"	248.003048719288	510.424042562006	577.356463325369	607.171386893403	710.00239004338	541.554983307615
"1/sp|P40938|RFC3_HUMAN"	"HUMAN"	184.497805303513	210.564295205254	107.811249716038	142.387931375438	188.485420097438	NA
"1/sp|P40939|ECHA_HUMAN"	"HUMAN"	1219.59008259388	1224.69221068073	1195.7055632077	1179.3561586381	1160.76135198475	1165.13325183669
"1/sp|P41091|IF2G_HUMAN"	"HUMAN"	280.629267610522	292.058396563972	288.646014138867	286.31773536743	287.15479159136	286.773667330159
"1/sp|P41250|SYG_HUMAN"	"HUMAN"	1296.96381177889	1335.02677319441	1302.61841467777	1380.34173704015	1318.26490611361	1424.20895237062
"1/sp|P41252|SYIC_HUMAN"	"HUMAN"	1918.07915274409	1965.07693521984	1896.72695500751	1896.20768071477	1944.80268745063	2045.02684587128
"1/sp|P41409|RIHA_ECOLI"	"ECOLI"	NA	82.0951886983185	85.1372983982351	505.65100782072	441.626734380269	500.022130275836
"1/sp|P42126|ECI1_HUMAN"	"HUMAN"	600.953494998432	590.790379960464	582.918733170597	660.288835109214	599.281807380492	639.339608337247
"1/sp|P42166|LAP2A_HUMAN"	"HUMAN"	238.212621969004	97.1356546400785	257.068830571193	192.74873827341	217.11307515682	200.119934558841
"1/sp|P42167|LAP2B_HUMAN"	"HUMAN"	1154.80320576866	1370.26413173238	1553.84503714399	941.651548453847	1447.54102206762	971.337431859707
"1/sp|P42224|STAT1_HUMAN"	"HUMAN"	402.499410060725	398.433431814121	528.199851355771	466.257653625239	447.697096444656	439.56888215224
"1/sp|P42285|SK2L2_HUMAN"	"HUMAN"	408.958141101216	448.436589150709	439.235260277432	461.162057121685	488.630773590722	374.672001067701
"1/sp|P42330|AK1C3_HUMAN"	"HUMAN"	789.715239163253	840.086665475296	875.352687629513	895.62802880795	863.49461505082	847.782171007654
"1/sp|P42345|MTOR_HUMAN"	"HUMAN"	NA	NA	NA	NA	290.871295196523	NA
"1/sp|P42593|FADH_ECOLI"	"ECOLI"	1801.62532256492	1886.19647222338	NA	NA	NA	1115.52966070899
"1/sp|P42599|YGJR_ECOLI"	"ECOLI"	NA	NA	NA	163.912006872322	NA	256.101919085001
"1/sp|P42620|YQJG_ECOLI"	"ECOLI"	NA	NA	NA	278.359260775582	103.013737813092	76.737103101204
"1/sp|P42632|TDCE_ECOLI"	"ECOLI"	NA	229.274335376057	147.073640053765	462.414648935983	497.779293626915	541.538724584693
"1/sp|P42704|LPPRC_HUMAN"	"HUMAN"	1352.69208823946	1341.63715640291	1361.19289731728	1373.36319966799	1312.42583899253	1373.73042354179
"1/sp|P42765|THIM_HUMAN"	"HUMAN"	1036.37669297068	1174.75531572275	1063.83766008937	1030.22356891512	1112.20813222577	1025.55880489884
"1/sp|P42766|RL35_HUMAN"	"HUMAN"	3110.7615644397	3258.71791781031	2808.6534011114	3057.5393069297	2896.97736542091	3122.94036304613
"1/sp|P42771|CD2A1_HUMAN"	"HUMAN"	243.394450813016	237.827981450503	252.690460777803	255.423335988328	259.547088673632	250.305082317572
"1/sp|P42892|ECE1_HUMAN"	"HUMAN"	176.911898587401	183.27496190726	159.565613904303	326.94126513552	277.517281562635	216.573462876594
"1/sp|P43034|LIS1_HUMAN"	"HUMAN"	191.393618401419	196.997645547234	207.226700405162	184.315310360292	207.069560264994	154.738343311709
"1/sp|P43121|MUC18_HUMAN"	"HUMAN"	317.136388464972	298.856736520425	292.1487840319	314.40138610456	337.39749185393	312.260984622232
"1/sp|P43243|MATR3_HUMAN"	"HUMAN"	1432.26152399288	1407.94116288279	1488.34092675667	1297.86907106174	1230.98501893043	1307.79428306207
"1/sp|P43246|MSH2_HUMAN"	"HUMAN"	193.861979984246	214.659111775538	276.250619026892	257.426395370925	301.863812992139	289.863820396531
"1/sp|P43304|GPDM_HUMAN"	"HUMAN"	821.826967137929	844.160974392689	740.422295692137	869.670991432434	903.512209502757	767.157432213628
"1/sp|P43307|SSRA_HUMAN"	"HUMAN"	1120.99953878671	1092.0543125826	1198.99126556175	1123.88324792994	1110.83218807068	1135.84456719524
"1/sp|P43329|HRPA_ECOLI"	"ECOLI"	NA	NA	NA	NA	NA	46.254250685987
"1/sp|P43487|RANG_HUMAN"	"HUMAN"	576.195704527083	621.036374839745	583.59554227711	615.09338604605	594.378302295068	611.312657177496
"1/sp|P43490|NAMPT_HUMAN"	"HUMAN"	560.400009300542	658.687782907607	896.84382623542	763.809174618678	836.070836287277	647.674176167895
"1/sp|P43686|PRS6B_HUMAN"	"HUMAN"	569.68819756923	580.727294673161	550.434032583234	517.780372605928	553.051363018205	609.54650766743
"1/sp|P45395|KDSD_ECOLI"	"ECOLI"	NA	NA	NA	NA	NA	597.941945895772
"1/sp|P45464|LPOA_ECOLI"	"ECOLI"	NA	NA	NA	NA	92.0010370742277	145.916592324066
"1/sp|P45470|YHBO_ECOLI"	"ECOLI"	NA	NA	NA	556.763973751747	553.526948853922	531.022735745297
"1/sp|P45523|FKBA_ECOLI"	"ECOLI"	357.22997136355	412.833859020444	229.518218677031	2048.74138379493	1455.79071419226	1826.88149372006
"1/sp|P45577|PROQ_ECOLI"	"ECOLI"	NA	NA	NA	156.998491676051	NA	NA
"1/sp|P45578|LUXS_ECOLI"	"ECOLI"	NA	NA	71.2599673884814	600.960055968292	613.897208957471	651.857376884266
"1/sp|P45877|PPIC_HUMAN"	"HUMAN"	206.341863244048	186.327288262274	203.840753308115	205.714289885173	214.973930625253	206.63685154374
"1/sp|P45880|VDAC2_HUMAN"	"HUMAN"	2515.74732805435	2503.97232189024	2490.63376380841	2631.94498606837	2523.81009265283	2647.57941151792
"1/sp|P45955|YBGF_ECOLI"	"ECOLI"	NA	NA	NA	82.3224496923034	177.176397073469	97.002592531599
"1/sp|P45973|CBX5_HUMAN"	"HUMAN"	311.67674753284	281.153401448487	302.934294032905	278.663576600125	271.127047878692	303.172103733547
"1/sp|P45974|UBP5_HUMAN"	"HUMAN"	856.194987067399	893.674295631833	892.902558433087	881.553915090435	838.169765115685	894.603718260913
"1/sp|P46013|KI67_HUMAN"	"HUMAN"	578.956794037112	336.908857379593	536.463223296786	311.251677788269	444.418344273347	558.256441463245
"1/sp|P46060|RAGP1_HUMAN"	"HUMAN"	517.611005084733	505.548981320969	544.390173623014	583.036811164744	583.422595329475	569.203004794788
"1/sp|P46063|RECQ1_HUMAN"	"HUMAN"	779.325634788777	760.980717049401	808.146223596032	776.936345156091	795.772541890183	735.904754432185
"1/sp|P46087|NOP2_HUMAN"	"HUMAN"	618.629908745758	583.934085334338	637.417180146373	637.599456698158	637.746807933248	616.791741620714
"1/sp|P46130|YBHC_ECOLI"	"ECOLI"	NA	NA	NA	306.253272679897	293.876255350571	364.650056278308
"1/sp|P46379|BAG6_HUMAN"	"HUMAN"	314.603648156305	291.12824446394	267.449595269036	280.438709396816	NA	286.01777402289
"1/sp|P46459|NSF_HUMAN"	"HUMAN"	509.895149300345	468.966568154912	486.753368677986	348.817867838038	520.092254863373	249.063059230886
"1/sp|P46776|RL27A_HUMAN"	"HUMAN"	4805.13315747182	5083.34354639589	5178.47297653205	4842.74407404984	4494.90890222711	4640.2934507536
"1/sp|P46777|RL5_HUMAN"	"HUMAN"	3902.26682959049	4016.6806707047	3903.7858829089	3926.93359992137	3859.99509554201	3983.67715568107
"1/sp|P46778|RL21_HUMAN"	"HUMAN"	3383.42617238556	3373.19941704551	3525.84885921575	3314.20683542631	3325.622984126	3425.14465159516
"1/sp|P46779|RL28_HUMAN"	"HUMAN"	1887.42397095358	1865.11037923683	1914.50490663245	2014.85900423253	1948.42389524198	1932.12755673482
"1/sp|P46781|RS9_HUMAN"	"HUMAN"	7253.15998154581	7598.7519516878	7217.81050541082	6986.25990993469	6848.04004528128	7080.73260659941
"1/sp|P46782|RS5_HUMAN"	"HUMAN"	4896.52970966181	5217.87237708273	4875.64479420025	4817.26025690583	4607.46886081965	4903.26543809178
"1/sp|P46783|RS10_HUMAN"	"HUMAN"	3904.17016831366	4284.53229835704	4264.69267335327	4195.33906036012	4076.59151427701	4268.1219009995
"1/sp|P46837|YHGF_ECOLI"	"ECOLI"	NA	NA	NA	60.9697148175171	NA	NA
"1/sp|P46853|YHHX_ECOLI"	"ECOLI"	NA	NA	NA	107.276751787294	71.1119778594275	NA
"1/sp|P46926|GNPI1_HUMAN"	"HUMAN"	289.426492554124	261.275314417283	262.882532932588	253.702020270367	410.319403469594	424.69869706415
"1/sp|P46940|IQGA1_HUMAN"	"HUMAN"	1204.08819695461	1200.49241418191	1124.85844611568	1181.84805402271	1247.34807918163	1242.51869241751
"1/sp|P46977|STT3A_HUMAN"	"HUMAN"	181.642867376556	175.411451561507	354.589964789613	113.786434243619	344.710705618122	125.752785872453
"1/sp|P47712|PA24A_HUMAN"	"HUMAN"	957.712384733151	1074.36085454154	1122.92710720961	1118.83457450616	1111.3576671422	1131.2941887926
"1/sp|P47755|CAZA2_HUMAN"	"HUMAN"	798.176878399317	815.794868584121	875.705460624269	821.190698444066	749.188131130689	860.327333582787
"1/sp|P47756|CAPZB_HUMAN"	"HUMAN"	1386.30613886558	1415.9555754974	1312.675781238	1280.4236223354	1279.30839911053	1364.93588459649
"1/sp|P47813|IF1AX_HUMAN"	"HUMAN"	249.122146842282	256.530837079024	244.415530769636	264.35021687285	284.561681993727	262.222735070911
"1/sp|P47897|SYQ_HUMAN"	"HUMAN"	651.995352226715	720.595885553835	715.718410942891	781.459550164598	741.898063244988	785.919203165658
"1/sp|P47914|RL29_HUMAN"	"HUMAN"	1605.49254353458	1761.71837438473	1720.30335768782	1712.95961286104	1690.51559253222	1686.02441536424
"1/sp|P48047|ATPO_HUMAN"	"HUMAN"	2184.9820595506	2230.75242445838	2184.99569667534	2297.37965895584	2277.6935303944	2411.33550813397
"1/sp|P48163|MAOX_HUMAN"	"HUMAN"	456.811180844543	428.917296189363	400.791131656191	466.974276582359	388.516178130464	479.014962109447
"1/sp|P48444|COPD_HUMAN"	"HUMAN"	600.220130573816	595.874246183125	733.48493334968	572.997064156497	716.027254024968	554.562246417025
"1/sp|P48507|GSH0_HUMAN"	"HUMAN"	248.944378245193	259.845699983733	NA	250.273690419932	281.120006518836	293.194926386009
"1/sp|P48556|PSMD8_HUMAN"	"HUMAN"	NA	182.574069859904	254.644561332816	NA	NA	198.63641607964
"1/sp|P48637|GSHB_HUMAN"	"HUMAN"	203.685390031621	203.275857266015	237.942193229397	228.670578158502	195.473517412876	227.315740565984
"1/sp|P48643|TCPE_HUMAN"	"HUMAN"	2150.26486760351	2152.95829565396	2017.22490596259	2014.1871535625	1863.77747159135	1897.1141825459
"1/sp|P48735|IDHP_HUMAN"	"HUMAN"	378.05356549085	356.821778483783	362.091240248534	335.728005144428	377.607073115981	484.630213314734
"1/sp|P48960|CD97_HUMAN"	"HUMAN"	162.342198042309	121.549985326652	137.13926588391	171.497859990384	100.24085977086	NA
"1/sp|P49005|DPOD2_HUMAN"	"HUMAN"	NA	201.43850102903	NA	213.889071108603	212.612404266078	216.203643755352
"1/sp|P49189|AL9A1_HUMAN"	"HUMAN"	328.579212586954	301.648608165733	343.318956024437	293.275952199877	343.96579215662	410.205928030043
"1/sp|P49207|RL34_HUMAN"	"HUMAN"	1499.69140952486	1398.48025333807	1381.69919612008	1480.36111629932	1467.41933532332	1397.90679547
"1/sp|P49257|LMAN1_HUMAN"	"HUMAN"	1052.8081543429	1066.17300476873	1030.1484473361	1058.19944845622	1019.15261711589	1028.32774379137
"1/sp|P49321|NASP_HUMAN"	"HUMAN"	1872.77285589229	1939.98250349964	1606.73049407864	1737.16922712409	1672.60607844336	1683.64702308415
"1/sp|P49327|FAS_HUMAN"	"HUMAN"	4370.69170505404	4265.96442047667	4287.0893239536	4196.26602404374	4096.82978938073	4092.1548719112
"1/sp|P49368|TCPG_HUMAN"	"HUMAN"	3918.07309941142	4085.35950298542	4182.05430351695	4095.44860130376	4093.67703096088	4269.52813167021
"1/sp|P49406|RM19_HUMAN"	"HUMAN"	NA	341.011168020931	349.13538914213	299.89885938699	345.591990420341	286.863633059926
"1/sp|P49411|EFTU_HUMAN"	"HUMAN"	5623.19929058374	5574.89938568932	5642.27977044855	5551.10814247773	5381.38832600106	5722.55212795791
"1/sp|P49419|AL7A1_HUMAN"	"HUMAN"	1360.23747304764	1268.5478892652	1321.24597971203	1401.85339729612	1377.61173212471	1395.48483633137
"1/sp|P49458|SRP09_HUMAN"	"HUMAN"	1186.31559291827	1213.55199291587	1290.30965197205	1327.14057316385	1274.16773840097	1213.66495276635
"1/sp|P49588|SYAC_HUMAN"	"HUMAN"	1251.93748948672	1304.16222758701	1329.46454691549	1324.98204500695	1257.61712339144	1348.15322280145
"1/sp|P49589|SYCC_HUMAN"	"HUMAN"	362.066794160036	410.374235746927	374.57344868316	380.706137214875	412.08099848178	402.872451021687
"1/sp|P49591|SYSC_HUMAN"	"HUMAN"	825.39574049696	831.620845938054	826.093631983958	842.322252554807	836.995575854089	923.06294032484
"1/sp|P49643|PRI2_HUMAN"	"HUMAN"	131.514596615582	NA	131.054009646534	NA	NA	123.349209772649
"1/sp|P49720|PSB3_HUMAN"	"HUMAN"	567.437940149466	611.619769382382	599.102000972526	573.595380476862	581.907476864682	550.809414581706
"1/sp|P49721|PSB2_HUMAN"	"HUMAN"	1337.92709844247	1309.55647598815	1339.3781097897	1259.48735526899	1229.95947261635	1268.40370484333
"1/sp|P49736|MCM2_HUMAN"	"HUMAN"	1727.59254218293	1541.09822339505	1541.35501645946	1801.75505114548	1545.40599025146	1621.56129821266
"1/sp|P49748|ACADV_HUMAN"	"HUMAN"	1665.70335055233	1672.60461058953	1672.5457220101	1595.61721994656	1594.53134662175	1641.65589679323
"1/sp|P49755|TMEDA_HUMAN"	"HUMAN"	643.44868286107	678.311147868803	666.743266357557	706.91320516655	677.053341119648	694.819987916403
"1/sp|P49756|RBM25_HUMAN"	"HUMAN"	428.516628700524	367.470402591723	247.851132333411	300.46049744893	70.0403863544513	174.241707565194
"1/sp|P49773|HINT1_HUMAN"	"HUMAN"	1012.33554716668	983.993811914257	1030.30029555169	856.272290846041	998.847538786025	1095.61176140935
"1/sp|P49792|RBP2_HUMAN"	"HUMAN"	280.616958892055	332.420515454259	290.112991842975	379.238597313771	322.968376089413	385.744479777793
"1/sp|P49821|NDUV1_HUMAN"	"HUMAN"	146.746099076247	157.113702077792	NA	139.296684727806	143.802401407838	128.395301989175
"1/sp|P49903|SPS1_HUMAN"	"HUMAN"	NA	NA	236.991150759223	NA	181.018803304131	NA
"1/sp|P49915|GUAA_HUMAN"	"HUMAN"	927.501362413585	1038.56968212124	916.947567488506	986.150423756911	981.496678008101	916.351131403014
"1/sp|P49959|MRE11_HUMAN"	"HUMAN"	291.95464723034	306.576613054982	274.130539772825	277.827242677355	276.637007440932	357.542371944299
"1/sp|P50213|IDH3A_HUMAN"	"HUMAN"	686.40224228401	534.58312433996	678.51968096875	689.360775167628	674.975233304162	647.734168273755
"1/sp|P50336|PPOX_HUMAN"	"HUMAN"	NA	NA	NA	138.349369105115	NA	NA
"1/sp|P50395|GDIB_HUMAN"	"HUMAN"	1109.51913668622	1313.28964387623	1293.58039624551	1092.73494817316	1083.1896487179	1110.11978476701
"1/sp|P50402|EMD_HUMAN"	"HUMAN"	482.934837691676	511.647591711605	501.009135791616	505.105271671509	534.670268196936	504.762120865161
"1/sp|P50416|CPT1A_HUMAN"	"HUMAN"	586.128005256706	655.83037975082	599.331626272027	567.52748097008	618.948410336611	574.329448921667
"1/sp|P50454|SERPH_HUMAN"	"HUMAN"	1918.54466801493	1929.03179410542	1897.94774435819	1949.2381154493	1881.67371125571	1971.05144227154
"1/sp|P50552|VASP_HUMAN"	"HUMAN"	228.194302537366	272.65476965422	291.180416295191	265.696227096452	413.112716734934	307.698266359222
"1/sp|P50570|DYN2_HUMAN"	"HUMAN"	NA	NA	NA	NA	NA	146.01198401947
"1/sp|P50897|PPT1_HUMAN"	"HUMAN"	95.9445795957536	96.6732168969024	NA	NA	NA	96.6338874762132
"1/sp|P50914|RL14_HUMAN"	"HUMAN"	4748.41478351171	4842.41333935848	4889.66236559594	5039.95685548986	5040.37587982531	5244.49049892723
"1/sp|P50990|TCPQ_HUMAN"	"HUMAN"	3575.18458439589	3812.65511039001	3707.25834945267	3867.63684819494	3628.72630218708	3859.34120129677
"1/sp|P50991|TCPD_HUMAN"	"HUMAN"	2313.41521172475	2340.26972872231	2254.66365168424	2234.422712841	2283.25965734832	2256.78973337161
"1/sp|P50995|ANX11_HUMAN"	"HUMAN"	933.986540446632	952.454081312714	926.866259015116	1007.89702636498	1052.77815025693	880.134165746084
"1/sp|P51114|FXR1_HUMAN"	"HUMAN"	NA	NA	193.025627639538	NA	155.863879764261	NA
"1/sp|P51148|RAB5C_HUMAN"	"HUMAN"	395.015006539273	370.479811614535	396.032776272963	407.99949263481	366.26631993938	374.806757164391
"1/sp|P51149|RAB7A_HUMAN"	"HUMAN"	897.334922343238	1021.01117791786	1007.24614078943	973.9028869463	904.901973210842	991.287992593914
"1/sp|P51570|GALK1_HUMAN"	"HUMAN"	153.210161561471	145.189933958413	NA	173.167141913349	161.392245491913	160.471604895828
"1/sp|P51571|SSRD_HUMAN"	"HUMAN"	694.201011877061	703.667775511262	702.701534155621	701.962337975606	749.928415968631	717.293824097172
"1/sp|P51572|BAP31_HUMAN"	"HUMAN"	971.580249558527	985.96227353207	929.565048908222	1009.17504490552	956.559137389003	1031.8956350859
"1/sp|P51610|HCFC1_HUMAN"	"HUMAN"	436.492306439608	405.471611004908	457.959872564178	401.627245607566	433.836843324754	439.374862859962
"1/sp|P51648|AL3A2_HUMAN"	"HUMAN"	483.522083618339	455.574073363762	492.072235668053	469.129046507162	517.596957683084	507.870080768953
"1/sp|P51659|DHB4_HUMAN"	"HUMAN"	1180.72292302963	1218.94069263325	1216.09906206289	1161.61251997925	1193.75099745885	1254.94875350097
"1/sp|P51665|PSMD7_HUMAN"	"HUMAN"	702.632408795648	399.996082799978	746.592375785801	580.206506290258	666.707441144925	656.219107322498
"1/sp|P51858|HDGF_HUMAN"	"HUMAN"	1930.76656615492	1978.73961186293	1946.81460859747	2012.16566347995	1978.00233995705	1980.35974757928
"1/sp|P51970|NDUA8_HUMAN"	"HUMAN"	148.06176736842	NA	160.143327481428	NA	136.366132087709	240.169369759447
"1/sp|P51991|ROA3_HUMAN"	"HUMAN"	1293.34650247984	1221.57535506907	1201.05825881552	1294.32664229015	1224.68432551888	1233.86272195413
"1/sp|P52209|6PGD_HUMAN"	"HUMAN"	2701.83778561985	2702.5616820158	2662.63955322903	2254.78466575946	2236.49041684351	2357.86873949705
"1/sp|P52272|HNRPM_HUMAN"	"HUMAN"	3632.51463530896	3598.80181070048	3802.08296323405	3581.77028503635	3298.11549010999	3538.27839315798
"1/sp|P52292|IMA1_HUMAN"	"HUMAN"	890.945139374935	912.055793992064	818.606543405836	918.787500263211	847.690719115186	836.063656479152
"1/sp|P52565|GDIR1_HUMAN"	"HUMAN"	772.350726785712	756.554824492564	796.140558083436	780.125904503783	801.249567841198	790.597718179762
"1/sp|P52597|HNRPF_HUMAN"	"HUMAN"	963.482955039373	924.725471254625	991.745182958744	911.198800137548	891.620966477003	919.387349867557
"1/sp|P52643|LDHD_ECOLI"	"ECOLI"	60.098595443351	NA	NA	275.542315372006	229.230530142137	296.540852090576
"1/sp|P52647|NIFJ_ECOLI"	"ECOLI"	NA	NA	NA	NA	NA	169.903714845448
"1/sp|P52697|6PGL_ECOLI"	"ECOLI"	314.318348152071	320.237140593336	281.698872551846	1541.84305466493	1540.03962792738	1602.72854052556
"1/sp|P52701|MSH6_HUMAN"	"HUMAN"	263.665805487442	224.171340561227	134.181140113184	NA	NA	296.002807262455
"1/sp|P52758|UK114_HUMAN"	"HUMAN"	116.591195284959	103.356034486769	NA	116.840720804322	125.539923555292	143.11955070288
"1/sp|P52788|SPSY_HUMAN"	"HUMAN"	248.181974406888	NA	325.075883338073	453.162226167222	283.796690465924	305.567219495852
"1/sp|P52789|HXK2_HUMAN"	"HUMAN"	NA	NA	NA	NA	288.113682818017	NA
"1/sp|P52815|RM12_HUMAN"	"HUMAN"	767.108914763921	779.460987519296	761.589306650206	724.332996954862	671.299713010235	791.557023280765
"1/sp|P52888|THOP1_HUMAN"	"HUMAN"	177.896628486225	102.40485361228	215.765311040637	159.511304996062	171.852051144686	101.720114213798
"1/sp|P52895|AK1C2_HUMAN"	"HUMAN"	720.459352594053	693.164273765447	679.309651777254	765.899875146715	701.677099420765	705.784135414127
"1/sp|P52907|CAZA1_HUMAN"	"HUMAN"	1734.86822804536	1851.69909698074	1705.08300501019	1748.58974326116	1733.08112647806	1659.30017643688
"1/sp|P53004|BIEA_HUMAN"	"HUMAN"	617.660064600437	661.013306898158	707.589048098181	653.890930353962	645.024116676236	643.097969774894
"1/sp|P53007|TXTP_HUMAN"	"HUMAN"	570.967731583656	592.568164569694	627.183615836752	642.312041920087	623.788764249311	615.976157269594
"1/sp|P53396|ACLY_HUMAN"	"HUMAN"	3301.51320213889	3537.40571806863	3381.81572103251	3304.89309390434	3304.06648154769	3319.01274090413
"1/sp|P53582|MAP11_HUMAN"	"HUMAN"	216.282460820898	243.855132331773	168.670414460214	200.52115780894	196.973777775064	NA
"1/sp|P53597|SUCA_HUMAN"	"HUMAN"	871.528481175426	857.035445656976	859.807335144219	929.020010874775	904.892374474119	909.314578907305
"1/sp|P53618|COPB_HUMAN"	"HUMAN"	805.573911048138	494.464785294919	811.052080630102	714.188844188656	666.241066493859	863.134820270121
"1/sp|P53621|COPA_HUMAN"	"HUMAN"	869.312780228194	838.315577664253	857.109821319387	872.669025528631	819.552255257005	856.805972377817
"1/sp|P53634|CATC_HUMAN"	"HUMAN"	807.960436535771	780.476035358964	755.568744603251	827.518278768296	794.347887294034	750.360070324523
"1/sp|P53701|CCHL_HUMAN"	"HUMAN"	172.820338840954	163.47828589445	169.022289075325	169.576045302653	183.129209258187	175.372955038512
"1/sp|P53985|MOT1_HUMAN"	"HUMAN"	131.114029469965	NA	NA	NA	156.907262195293	142.150296387405
"1/sp|P53990|IST1_HUMAN"	"HUMAN"	173.821920834599	181.088209288648	177.837505551084	158.077755958072	191.331715389137	170.452740768235
"1/sp|P53992|SC24C_HUMAN"	"HUMAN"	NA	553.796564616773	NA	341.75691876573	NA	331.872280521768
"1/sp|P53999|TCP4_HUMAN"	"HUMAN"	747.65432850399	825.32545459476	793.101843014682	819.962902890686	781.409795218516	782.52270596855
"1/sp|P54136|SYRC_HUMAN"	"HUMAN"	1440.48697777061	1545.69662296385	1476.87623590017	1467.0977844573	1403.34164608982	1538.47564623906
"1/sp|P54577|SYYC_HUMAN"	"HUMAN"	1426.71117667846	1436.11738177826	1487.23895526161	1468.38963116653	1363.54061868385	1391.35617780821
"1/sp|P54578|UBP14_HUMAN"	"HUMAN"	463.460513447862	470.613708981283	497.163154022653	508.157947950802	566.066671657499	544.646306099431
"1/sp|P54709|AT1B3_HUMAN"	"HUMAN"	460.608172932247	537.1375881257	456.960434341554	529.221066783537	556.393441556072	568.354494738335
"1/sp|P54725|RD23A_HUMAN"	"HUMAN"	NA	250.454087276175	238.428210342637	270.461891956317	249.774539750094	NA
"1/sp|P54727|RD23B_HUMAN"	"HUMAN"	1308.62286158464	1364.06896150541	1275.81021314455	1313.36259769883	1269.74725457636	1381.53179037854
"1/sp|P54819|KAD2_HUMAN"	"HUMAN"	2282.64381593402	2430.7282014589	2395.43419135935	2595.49461875823	2754.05041319919	2758.30338072291
"1/sp|P54886|P5CS_HUMAN"	"HUMAN"	1153.16293746788	1184.24822034472	1167.8933116323	1195.01352182824	1164.49652125084	1108.44545151368
"1/sp|P54920|SNAA_HUMAN"	"HUMAN"	366.528400870949	337.79211275791	366.528818515255	289.630537694948	336.899628823231	298.855388385793
"1/sp|P55010|IF5_HUMAN"	"HUMAN"	664.426972644798	705.868192563941	729.598129563775	709.101900708936	705.737753629976	662.591882196746
"1/sp|P55036|PSMD4_HUMAN"	"HUMAN"	488.159815840555	501.546604250933	495.565382722242	513.616202607164	527.867706927234	538.295227508263
"1/sp|P55060|XPO2_HUMAN"	"HUMAN"	2694.30844872744	59456.2159937143	64153.7292542068	59751.4441108164	2643.36435816407	2673.34304216083
"1/sp|P55072|TERA_HUMAN"	"HUMAN"	2920.01684773538	2953.05090036312	2863.03565683978	2773.56660500177	2603.05908505698	2786.25883130017
"1/sp|P55084|ECHB_HUMAN"	"HUMAN"	2708.99312668909	2986.46639974044	2691.16606849293	4270.47016285833	4759.53722200788	4758.68415555716
"1/sp|P55145|MANF_HUMAN"	"HUMAN"	443.062271089116	430.083522448074	401.700448417978	434.951015623358	448.027342952401	553.882858893817
"1/sp|P55209|NP1L1_HUMAN"	"HUMAN"	1486.45982707786	1557.06870214822	1572.41262886961	1133.45562503252	1305.34488407696	1353.46008328048
"1/sp|P55265|DSRAD_HUMAN"	"HUMAN"	467.754838608816	461.177904994256	495.20322163286	465.154544884277	515.757474890176	530.967022690542
"1/sp|P55327|TPD52_HUMAN"	"HUMAN"	211.578909591209	220.27706925306	277.609391225735	227.38201330421	240.547575459471	225.295941426164
"1/sp|P55735|SEC13_HUMAN"	"HUMAN"	394.883188460472	400.717933944751	427.701222357775	431.700914934013	463.159146157436	411.740272107851
"1/sp|P55769|NH2L1_HUMAN"	"HUMAN"	1285.28952261275	1314.02018691675	1332.97282551841	1330.14885059468	1273.98116969644	1312.747019497
"1/sp|P55786|PSA_HUMAN"	"HUMAN"	870.9277547437	876.483463707228	900.185859040635	858.113643328243	887.214925673305	968.408646062834
"1/sp|P55795|HNRH2_HUMAN"	"HUMAN"	824.468834663826	821.859878351329	816.570868223628	877.811076965497	890.240650869832	869.881339588525
"1/sp|P55809|SCOT1_HUMAN"	"HUMAN"	1229.4018622074	1314.96805505023	1183.38342967309	1214.05058760859	1193.4886338329	1240.1365701025
"1/sp|P55884|EIF3B_HUMAN"	"HUMAN"	1397.17458084515	1405.38727233388	1326.85354799272	1429.89904663823	1355.79205735777	1451.72423968979
"1/sp|P56134|ATPK_HUMAN"	"HUMAN"	1320.01676260141	1360.12024390757	1253.22341145619	1307.61806649452	1239.00779346484	1298.38945141026
"1/sp|P56182|RRP1_HUMAN"	"HUMAN"	965.132286517274	NA	896.2880777168	967.24197818498	957.104127498769	993.497465831876
"1/sp|P56192|SYMC_HUMAN"	"HUMAN"	790.620408251259	713.572182057592	747.237734423928	763.069510967891	717.311931137808	726.576976736383
"1/sp|P56385|ATP5I_HUMAN"	"HUMAN"	318.025430548908	326.989531048566	269.711473431654	272.349286467208	278.329635637728	283.795641821514
"1/sp|P56537|IF6_HUMAN"	"HUMAN"	789.978857692897	799.644095705313	794.674218539934	709.640804830557	723.412730523293	745.365220988877
"1/sp|P56545|CTBP2_HUMAN"	"HUMAN"	345.455279341793	NA	326.566285370449	415.486574595695	400.799479840088	374.11434775491
"1/sp|P57088|TMM33_HUMAN"	"HUMAN"	763.004793798566	752.46249467506	722.092554001298	758.941507436774	792.592664728737	821.878905463708
"1/sp|P57740|NU107_HUMAN"	"HUMAN"	240.49130304684	NA	NA	NA	NA	NA
"1/sp|P58107|EPIPL_HUMAN"	"HUMAN"	1235.39744756129	1004.56186611766	1352.92978764766	914.547542612934	618.300206096879	845.543202964059
"1/sp|P59998|ARPC4_HUMAN"	"HUMAN"	1425.86637528547	1474.24579810655	1346.64362616898	1384.64844674864	1379.30433944231	1414.94079467
"1/sp|P60174|TPIS_HUMAN"	"HUMAN"	12603.1605901172	12437.7342134842	12228.6157943902	11668.2937875936	11513.2691301155	12628.2617296171
"1/sp|P60228|EIF3E_HUMAN"	"HUMAN"	1130.92343464834	1147.18631514162	1129.46885476097	1163.26047493111	1096.22069072498	1146.44723844378
"1/sp|P60422|RL2_ECOLI"	"ECOLI"	1239.95774596812	1281.83685821001	1187.46581219421	4631.08782036693	4365.17656474289	4730.45597226845
"1/sp|P60438|RL3_ECOLI"	"ECOLI"	1705.64152066038	1754.33690038486	1706.74267671361	6246.90291282346	6003.4791718795	6159.82758102766
"1/sp|P60468|SC61B_HUMAN"	"HUMAN"	402.134078049299	402.468388940613	392.219919460366	435.399314173029	444.905902329341	432.530669592929
"1/sp|P60546|KGUA_ECOLI"	"ECOLI"	NA	NA	NA	83.7160529298927	130.535022769459	54.8758214438002
"1/sp|P60560|GUAC_ECOLI"	"ECOLI"	NA	NA	NA	NA	226.221187515702	151.609266292493
"1/sp|P60624|RL24_ECOLI"	"ECOLI"	999.200308941217	1042.9894796666	963.245695893873	3503.15876807435	3349.84377132408	3339.70733683955
"1/sp|P60651|SPEB_ECOLI"	"ECOLI"	140.71036215157	198.577383747011	155.782022431608	731.952194233308	638.843735130551	668.570140166096
"1/sp|P60660|MYL6_HUMAN"	"HUMAN"	2833.62960478156	3076.62900624083	2563.54813449841	2675.54178476111	2639.31586398177	2687.58592465573
"1/sp|P60716|LIPA_ECOLI"	"ECOLI"	NA	NA	NA	NA	147.625490390165	484.803449391194
"1/sp|P60723|RL4_ECOLI"	"ECOLI"	1814.43504759397	1834.39485972693	1798.01732916422	5850.13588931058	5481.57957599257	5853.33602445638
"1/sp|P60752|MSBA_ECOLI"	"ECOLI"	NA	NA	NA	281.426102488341	373.943303037197	391.555368479213
"1/sp|P60785|LEPA_ECOLI"	"ECOLI"	NA	NA	NA	487.861643867302	403.167982049164	442.027807044402
"1/sp|P60842|IF4A1_HUMAN"	"HUMAN"	4392.74546126862	4573.11650909532	4813.36536726899	4828.20284644976	4598.54151277224	4725.05266227701
"1/sp|P60866|RS20_HUMAN"	"HUMAN"	2171.05064926097	2199.49134830535	2195.01782953711	2216.46400116007	2133.64288044113	2256.12781742372
"1/sp|P60891|PRPS1_HUMAN"	"HUMAN"	394.399344532336	407.870272083818	492.714737757088	NA	510.716426017775	406.899453858282
"1/sp|P60900|PSA6_HUMAN"	"HUMAN"	1107.61971040539	1094.49079982114	1091.29556081106	1101.78228758477	1055.30927326131	1058.41793081391
"1/sp|P60906|SYH_ECOLI"	"ECOLI"	NA	46.7124879847035	NA	419.534094881405	406.791824522553	413.940358337971
"1/sp|P60953|CDC42_HUMAN"	"HUMAN"	354.661301102984	296.256209548614	447.652041278481	303.173136712491	342.004942518633	385.737183954935
"1/sp|P60981|DEST_HUMAN"	"HUMAN"	471.985622686815	511.026041381002	496.550994684354	517.094344183201	534.246012529331	529.768988229397
"1/sp|P61006|RAB8A_HUMAN"	"HUMAN"	NA	184.495538723195	NA	NA	NA	NA
"1/sp|P61009|SPCS3_HUMAN"	"HUMAN"	NA	162.850478356982	176.340061929968	146.658175326077	142.124257400673	172.143653771183
"1/sp|P61011|SRP54_HUMAN"	"HUMAN"	342.659480673966	309.774480887684	NA	241.320319549509	340.070675298466	295.018302102816
"1/sp|P61019|RAB2A_HUMAN"	"HUMAN"	412.715894650037	404.435837174565	403.003356689982	259.616809785607	335.62616748122	257.915420796388
"1/sp|P61026|RAB10_HUMAN"	"HUMAN"	888.175380313324	911.843720404513	889.987162335657	824.637881636641	903.701759991806	830.611822367024
"1/sp|P61081|UBC12_HUMAN"	"HUMAN"	770.136043500052	755.528363535462	835.554090031585	832.700423406755	803.634735838184	805.698422544846
"1/sp|P61086|UBE2K_HUMAN"	"HUMAN"	423.873082982152	387.416948466596	312.345598020886	318.773431824273	535.91522519255	490.918226107762
"1/sp|P61106|RAB14_HUMAN"	"HUMAN"	744.015528733539	785.861598286881	702.574755434673	838.434640107796	744.534871120591	781.416506615472
"1/sp|P61158|ARP3_HUMAN"	"HUMAN"	802.798944221541	731.757767402121	837.190389564741	713.295916862751	726.153917680969	692.322280515263
"1/sp|P61160|ARP2_HUMAN"	"HUMAN"	830.990957834235	983.623850806325	1231.44365657517	1000.93081262473	1007.56278646567	1011.17588805364
"1/sp|P61163|ACTZ_HUMAN"	"HUMAN"	354.605422830111	306.984450229905	323.000542686466	322.58507294094	334.960843638425	310.580821259814
"1/sp|P61175|RL22_ECOLI"	"ECOLI"	1153.60884294483	1132.43822461601	1275.61557366025	3315.08767308086	3141.63961169977	3177.43706779972
"1/sp|P61201|CSN2_HUMAN"	"HUMAN"	403.452957785158	449.048572397	449.223803744295	484.827470504938	448.422688764949	403.767490039476
"1/sp|P61221|ABCE1_HUMAN"	"HUMAN"	438.740753668938	488.476086586551	506.047138795145	478.521536400408	594.043886617536	508.658669770435
"1/sp|P61247|RS3A_HUMAN"	"HUMAN"	4410.43138163193	4479.69109374448	4473.28016881217	4643.47162461554	4525.69033110497	4907.36143268787
"1/sp|P61289|PSME3_HUMAN"	"HUMAN"	734.034850689516	747.953755210735	726.944329227379	700.155301238188	742.733569426477	776.75079586247
"1/sp|P61313|RL15_HUMAN"	"HUMAN"	2661.25569222584	2761.08414409419	2756.96128868146	2651.1400613938	2697.71407800114	2689.57479382776
"1/sp|P61320|LOLB_ECOLI"	"ECOLI"	NA	NA	NA	NA	186.897922120819	195.176793071188
"1/sp|P61353|RL27_HUMAN"	"HUMAN"	3257.47893746133	3358.57994784072	3256.30643550536	3433.52303932075	3340.19975180904	3334.66651949063
"1/sp|P61513|RL37A_HUMAN"	"HUMAN"	646.555049345426	670.290572631526	602.785422930147	595.375330264702	612.092788615919	618.093502757451
"1/sp|P61517|CAN_ECOLI"	"ECOLI"	NA	NA	NA	336.791397901223	310.968417413732	470.072134601646
"1/sp|P61586|RHOA_HUMAN"	"HUMAN"	451.639029030683	458.267609204025	468.952136908751	461.402175827693	471.858629112627	458.82672895489
"1/sp|P61604|CH10_HUMAN"	"HUMAN"	14789.346139422	15081.7191044147	15059.0362273372	15154.2508876115	15137.8273498868	15500.4813153088
"1/sp|P61619|S61A1_HUMAN"	"HUMAN"	600.413798635047	532.500616292467	427.935565050121	445.638365271184	397.115971841462	372.903916071605
"1/sp|P61714|RISB_ECOLI"	"ECOLI"	158.775969056316	134.050358378713	95.637044721543	369.494486703868	365.365217539897	366.355233750875
"1/sp|P61758|PFD3_HUMAN"	"HUMAN"	528.606329314279	487.287018468451	484.621537761637	438.789223975084	425.349838963934	434.544229156661
"1/sp|P61764|STXB1_HUMAN"	"HUMAN"	132.562154451366	129.352340777287	216.040240613411	141.901382820803	203.107856479597	181.744014440369
"1/sp|P61803|DAD1_HUMAN"	"HUMAN"	672.567221196038	688.58006499481	701.980437497682	701.6100130394	691.766932022657	652.825525367012
"1/sp|P61889|MDH_ECOLI"	"ECOLI"	1423.85589192989	1380.97523051882	1418.19940602938	4744.54585832316	4661.03080351783	4908.71017342625
"1/sp|P61916|NPC2_HUMAN"	"HUMAN"	192.520659088073	NA	193.567207839743	NA	NA	NA
"1/sp|P61923|COPZ1_HUMAN"	"HUMAN"	451.158694628174	418.364848183125	401.200774145322	412.826954571682	401.325819651863	394.397077521829
"1/sp|P61949|FLAV_ECOLI"	"ECOLI"	NA	NA	NA	61.3876717312263	NA	NA
"1/sp|P61964|WDR5_HUMAN"	"HUMAN"	178.374652859067	161.552697294041	174.556424366267	178.417328127842	160.086692879277	164.154783277298
"1/sp|P61970|NTF2_HUMAN"	"HUMAN"	286.535039736647	306.816010559159	324.241601716825	274.614170191068	281.479828046914	269.067891641495
"1/sp|P61978|HNRPK_HUMAN"	"HUMAN"	10907.4216995551	10779.332572036	11045.9337196625	10657.5554719906	10489.0605008703	10493.6906424461
"1/sp|P61981|1433G_HUMAN"	"HUMAN"	1577.99413949748	1547.94335888102	1578.2994274235	1663.22677651158	1684.47210007526	1719.64044789877
"1/sp|P62081|RS7_HUMAN"	"HUMAN"	2961.92553156239	3046.2756974535	2858.09015669266	2746.51903577644	2757.74532226376	2873.37397483353
"1/sp|P62136|PP1A_HUMAN"	"HUMAN"	218.07774864938	216.326793088826	287.59124198632	231.291909358687	216.487969589719	311.763795353522
"1/sp|P62140|PP1B_HUMAN"	"HUMAN"	535.874202214427	505.621027185456	540.558457318773	476.309945741002	538.723874369263	528.943669144461
"1/sp|P62158|CALM_HUMAN"	"HUMAN"	3303.56724738464	3382.60413299874	3226.39601115227	3310.92459388274	3262.57436486995	3241.42787736118
"1/sp|P62191|PRS4_HUMAN"	"HUMAN"	501.056335448143	457.000732741012	479.814889972209	446.020192993441	441.773772850294	492.201069041369
"1/sp|P62195|PRS8_HUMAN"	"HUMAN"	833.898960476234	805.260988482022	780.184563035146	791.462433090237	735.381578680529	737.101036816911
"1/sp|P62241|RS8_HUMAN"	"HUMAN"	5152.32412257946	5272.8385333532	5064.80199465576	5259.82127157205	5217.49318907599	5248.25614734158
"1/sp|P62244|RS15A_HUMAN"	"HUMAN"	2857.95830409575	3045.14509647223	2897.12102233176	2866.66146281317	2896.03449905604	2903.69621348286
"1/sp|P62249|RS16_HUMAN"	"HUMAN"	5742.48524303202	5925.39701110196	5942.45729847031	5644.9604440924	5482.53479436485	5700.32766652024
"1/sp|P62258|1433E_HUMAN"	"HUMAN"	3711.5113849399	3729.0021825329	4334.42258672433	3827.56423751951	3434.26588738956	3513.88349536743
"1/sp|P62263|RS14_HUMAN"	"HUMAN"	2829.178659187	2878.97077112994	2967.77591221864	3093.70371741165	2902.87886485279	3056.63547435551
"1/sp|P62266|RS23_HUMAN"	"HUMAN"	2772.48051866399	2897.51435412629	2962.56887603695	2779.50209827755	2844.81714551494	2961.27138251605
"1/sp|P62269|RS18_HUMAN"	"HUMAN"	5590.08528170736	5745.20712216319	5683.00643021648	5805.03180694279	5572.72197462021	5830.02703889488
"1/sp|P62273|RS29_HUMAN"	"HUMAN"	881.361247657145	946.225078933	982.653990763688	923.096931392021	918.332922978096	910.389625490863
"1/sp|P62277|RS13_HUMAN"	"HUMAN"	5408.95607697138	5570.29990309824	5590.98987307239	3637.01910118392	3570.80129630926	3809.78887920614
"1/sp|P62280|RS11_HUMAN"	"HUMAN"	2226.64294918637	2204.44612846849	2211.81422236016	2161.86177008725	2095.41287341652	2107.10587419504
"1/sp|P62304|RUXE_HUMAN"	"HUMAN"	NA	1588.95121670522	1526.7400534352	NA	954.439705758103	977.048659919146
"1/sp|P62306|RUXF_HUMAN"	"HUMAN"	617.256109189066	622.784216093963	546.672644218712	610.526194030935	609.079948254727	619.820689186243
"1/sp|P62314|SMD1_HUMAN"	"HUMAN"	1616.90694121339	1797.65377303677	1678.90323948254	1842.15425010151	1801.58356550082	1829.11505000072
"1/sp|P62316|SMD2_HUMAN"	"HUMAN"	1815.43473553909	1772.31328583699	1877.82485523458	1913.95542479767	1857.90804727436	1937.83187481703
"1/sp|P62318|SMD3_HUMAN"	"HUMAN"	3385.90420849435	3367.3800174007	3429.96654191651	3280.38125266146	3139.36288545437	3236.57811370709
"1/sp|P62328|TYB4_HUMAN"	"HUMAN"	396.728610036261	353.710789581185	392.089445638884	451.673688226126	434.995026889351	409.395739985119
"1/sp|P62333|PRS10_HUMAN"	"HUMAN"	587.854260550766	556.580242514018	631.699867700853	562.309705601796	639.957344452023	555.81654829683
"1/sp|P62399|RL5_ECOLI"	"ECOLI"	1246.81838181937	1353.48830343803	1365.1032814362	5269.63262669646	5064.71678399739	5342.61604066587
"1/sp|P62424|RL7A_HUMAN"	"HUMAN"	4082.24627703733	4351.31759168194	4148.67253586141	4288.45479758492	4257.57851297937	4329.18598891174
"1/sp|P62495|ERF1_HUMAN"	"HUMAN"	1481.6201588375	1486.78212155136	1643.23118467042	1664.86461977557	1395.18595895689	1426.47868027831
"1/sp|P62620|ISPG_ECOLI"	"ECOLI"	NA	NA	NA	390.503876833427	434.131342095093	364.72529537441
"1/sp|P62633|CNBP_HUMAN"	"HUMAN"	689.967477251476	676.042829771364	720.022412393963	671.209248438364	703.813035014757	694.354149016555
"1/sp|P62701|RS4X_HUMAN"	"HUMAN"	3393.08427834313	3647.22320739114	3512.15948372932	4648.304585224	3463.23462352006	4365.26620172671
"1/sp|P62707|GPMA_ECOLI"	"ECOLI"	1014.61723721716	1055.74511195323	1277.34787123592	3892.77711332963	3952.74757372314	3989.86859651458
"1/sp|P62750|RL23A_HUMAN"	"HUMAN"	3829.18237499145	3868.48119704383	3944.2303148188	3858.97254627708	3665.00199697531	3753.2126873879
"1/sp|P62753|RS6_HUMAN"	"HUMAN"	5781.64279188913	6037.51605852749	5665.18932091756	6002.36484975892	5588.98722089393	6053.03710873983
"1/sp|P62768|YAEH_ECOLI"	"ECOLI"	NA	321.528328094382	NA	573.887041080875	553.578976568971	590.135067410164
"1/sp|P62805|H4_HUMAN"	"HUMAN"	75882.8527451678	78025.9166932545	78398.0743298034	75891.0751007448	75018.6420901605	77949.7488272369
"1/sp|P62820|RAB1A_HUMAN"	"HUMAN"	357.802358415299	313.629995011323	340.328943584109	376.93756937772	361.94669207788	385.547992660228
"1/sp|P62826|RAN_HUMAN"	"HUMAN"	3067.05551440781	3305.58582993152	3409.07216627148	3044.6624324768	3029.94090876338	3107.54905910688
"1/sp|P62829|RL23_HUMAN"	"HUMAN"	3473.74982584955	3555.13653542225	3235.75377670136	3691.2908866667	3511.36340785978	3550.88926846346
"1/sp|P62841|RS15_HUMAN"	"HUMAN"	988.409328844464	926.045574932265	883.217927490625	899.252012923551	826.807959544523	876.9446680282
"1/sp|P62847|RS24_HUMAN"	"HUMAN"	1854.28402836942	2003.12252182015	1925.96552727046	1820.57910914735	1879.53474136575	1818.59997689557
"1/sp|P62851|RS25_HUMAN"	"HUMAN"	6201.57180332899	6446.66039263621	5943.76479883348	6395.48992338893	6287.689892037	6658.54098428074
"1/sp|P62857|RS28_HUMAN"	"HUMAN"	2075.74588820001	2222.80020599503	2081.28259588204	2119.85593979249	2034.07607092541	2120.20355396304
"1/sp|P62873|GBB1_HUMAN"	"HUMAN"	517.484882723109	560.271077772292	374.682589943734	407.929494242874	NA	433.379316201825
"1/sp|P62879|GBB2_HUMAN"	"HUMAN"	331.612294288974	335.489503953477	406.148501460047	363.066975728333	443.280930281051	380.586075758468
"1/sp|P62888|RL30_HUMAN"	"HUMAN"	4441.54060404424	4444.85083389598	4701.98224602452	4459.01410811209	4047.99671034871	4351.27832297398
"1/sp|P62899|RL31_HUMAN"	"HUMAN"	3474.41183242444	3861.08884636454	3401.72247611313	3814.49112593305	3373.19367652109	4011.83094218407
"1/sp|P62906|RL10A_HUMAN"	"HUMAN"	3858.25959026336	3799.78732497862	3961.36303181395	3913.4513530538	3688.53621212037	3802.91074217536
"1/sp|P62910|RL32_HUMAN"	"HUMAN"	1943.115772602	1953.61273620273	1975.61102869828	1935.08800790485	1864.45953496703	1943.1303081915
"1/sp|P62913|RL11_HUMAN"	"HUMAN"	3558.08105522461	3569.23462109559	3515.35935366239	3592.60929935919	3661.60342408401	3467.93188237517
"1/sp|P62917|RL8_HUMAN"	"HUMAN"	3858.20659898547	4021.78082819417	4163.26066841284	4258.40787146965	4210.01466495443	4303.90238987952
"1/sp|P62937|PPIA_HUMAN"	"HUMAN"	11537.4820683865	11475.2097409365	10962.0758856837	11294.8575519687	11056.4428564209	11557.3444976455
"1/sp|P62942|FKB1A_HUMAN"	"HUMAN"	257.908680283208	256.095506620693	268.325464471471	255.432875724726	246.084213131772	250.844235741683
"1/sp|P62979|RS27A_HUMAN"	"HUMAN"	452.213783537198	428.873590073357	305.657178338706	342.371699453684	355.072434643096	364.922751658891
"1/sp|P62993|GRB2_HUMAN"	"HUMAN"	266.608202702749	283.530366540672	300.053036887392	315.377746505337	287.72832491926	300.020768817288
"1/sp|P62995|TRA2B_HUMAN"	"HUMAN"	509.08404783788	628.326161443855	630.498351972979	597.862101862951	649.486297104865	580.499303406917
"1/sp|P63000|RAC1_HUMAN"	"HUMAN"	538.454611680965	492.620014604828	505.426761420633	495.367443766891	476.627691607972	479.137298985727
"1/sp|P63010|AP2B1_HUMAN"	"HUMAN"	649.421401712727	619.267968654972	679.4004050565	704.805190677188	686.918970354602	627.582904073031
"1/sp|P63104|1433Z_HUMAN"	"HUMAN"	6282.74685005213	6336.63174293761	6181.30626879813	6368.18737836946	6234.82566770245	6410.46006048841
"1/sp|P63151|2ABA_HUMAN"	"HUMAN"	397.123577466644	396.731165509505	424.693671311259	396.669306154647	413.925060494922	408.038246868541
"1/sp|P63165|SUMO1_HUMAN"	"HUMAN"	853.371815043016	842.509823291853	849.42871968907	888.854604851637	887.582251801537	876.937438624489
"1/sp|P63167|DYL1_HUMAN"	"HUMAN"	180.593192037321	164.278054104643	201.86361233889	196.106479809301	169.429590336684	155.580593016102
"1/sp|P63173|RL38_HUMAN"	"HUMAN"	982.71946357629	1196.90478744595	956.116457211836	1266.59455763736	1186.7752900894	1236.98019689468
"1/sp|P63208|SKP1_HUMAN"	"HUMAN"	1115.45740126562	1130.45491241735	473.882819809284	1095.85300699318	1102.75078571355	1142.43810716935
"1/sp|P63220|RS21_HUMAN"	"HUMAN"	877.042902766045	938.948996214109	903.915534085011	1049.8288224397	1002.44167001366	1098.37188604399
"1/sp|P63224|GMHA_ECOLI"	"ECOLI"	982.41569899241	264.073034172658	212.999796248804	1076.80672201813	982.080289968883	1192.53302856712
"1/sp|P63228|GMHBB_ECOLI"	"ECOLI"	NA	NA	NA	391.791439667437	NA	NA
"1/sp|P63235|GADC_ECOLI"	"ECOLI"	1323.62549188317	1390.47921586668	1323.22838864755	4502.53193601612	4560.1324159447	4689.47502780675
"1/sp|P63241|IF5A1_HUMAN"	"HUMAN"	625.066384933916	NA	NA	548.308575559074	514.946463518029	583.530313819337
"1/sp|P63244|GBLP_HUMAN"	"HUMAN"	4308.4509457341	4431.27106438137	4147.21114147647	4319.87442622901	4071.24135232045	4424.5948007333
"1/sp|P63279|UBC9_HUMAN"	"HUMAN"	1194.44021723326	1193.095921054	1166.92080616129	1223.80893837898	1142.1928758558	1178.4530548407
"1/sp|P63284|CLPB_ECOLI"	"ECOLI"	880.062096222068	908.046314684694	894.686026477252	3142.92063917741	3119.30254895066	3345.89335748799
"1/sp|P63417|YHBS_ECOLI"	"ECOLI"	NA	NA	NA	NA	NA	101.448953381276
"1/sp|P64451|YDCL_ECOLI"	"ECOLI"	NA	NA	NA	82.8698942734724	114.499764613519	120.881601532908
"1/sp|P64463|YDFZ_ECOLI"	"ECOLI"	NA	NA	401.996710222661	1487.36053434326	1446.86208700937	1619.52229840777
"1/sp|P64483|YEAK_ECOLI"	"ECOLI"	NA	NA	NA	347.882266894268	329.155672901322	438.657423803776
"1/sp|P64557|YGFM_ECOLI"	"ECOLI"	NA	NA	NA	NA	72.589668753437	146.259951337779
"1/sp|P64581|YQJD_ECOLI"	"ECOLI"	1029.42697270739	1104.94560231039	1002.84506029998	3440.07484586791	3237.82447373609	3363.741357201
"1/sp|P64585|YQJE_ECOLI"	"ECOLI"	NA	NA	NA	NA	NA	54.7756632297694
"1/sp|P64596|YRAP_ECOLI"	"ECOLI"	NA	66.5026819136215	NA	325.839991673394	320.74392145424	332.188592733685
"1/sp|P65292|YGDI_ECOLI"	"ECOLI"	NA	NA	NA	NA	366.574879782616	322.348105682365
"1/sp|P65807|YGEY_ECOLI"	"ECOLI"	NA	NA	NA	468.462013270819	500.00093318704	543.33337481186
"1/sp|P66948|YFGC_ECOLI"	"ECOLI"	NA	NA	NA	62.9031811496634	NA	NA
"1/sp|P67095|YFCE_ECOLI"	"ECOLI"	NA	NA	NA	138.765096813325	121.401664186331	146.447882108588
"1/sp|P67603|YQFB_ECOLI"	"ECOLI"	NA	NA	NA	229.082958016318	NA	NA
"1/sp|P67812|SC11A_HUMAN"	"HUMAN"	876.945356078444	929.887756223793	907.086842771773	779.820756275349	860.419604468257	787.064550076803
"1/sp|P67870|CSK2B_HUMAN"	"HUMAN"	368.992608195747	NA	378.703954593702	325.542318115794	330.514996605743	NA
"1/sp|P67910|HLDD_ECOLI"	"ECOLI"	393.989461028822	470.197668210635	477.0225232179	1275.16379824632	1231.53419916367	1271.5395412472
"1/sp|P67936|TPM4_HUMAN"	"HUMAN"	1512.09367224307	1545.51631487772	1551.79540438703	1692.48291257693	1533.62158005163	1554.06880741871
"1/sp|P68036|UB2L3_HUMAN"	"HUMAN"	NA	NA	NA	NA	NA	140.936895282289
"1/sp|P68066|GRCA_ECOLI"	"ECOLI"	1633.14492862427	1691.64125727208	1707.72196757023	5430.94611932966	5184.32806906465	5529.68911437253
"1/sp|P68187|MALK_ECOLI"	"ECOLI"	NA	NA	NA	NA	46.6461650969817	NA
"1/sp|P68191|SRA_ECOLI"	"ECOLI"	184.857773055856	144.277310212415	168.300415352128	878.593254704925	649.710665533128	873.321863540584
"1/sp|P68206|YJBJ_ECOLI"	"ECOLI"	496.057296467241	673.386000139232	567.54337891038	1368.36302091254	1304.56269550746	1358.51999470749
"1/sp|P68366|TBA4A_HUMAN"	"HUMAN"	4145.37274930306	4204.68794092377	4215.80058496225	4134.65611430298	4021.27837638927	3972.14568351198
"1/sp|P68402|PA1B2_HUMAN"	"HUMAN"	538.888045618975	593.123505822848	585.954799970302	733.030701818237	741.750357507299	788.079356080103
"1/sp|P68679|RS21_ECOLI"	"ECOLI"	810.132186325334	476.078195898658	674.863891354185	2084.11278658548	2128.33484163999	2102.37958206734
"1/sp|P68767|AMPA_ECOLI"	"ECOLI"	NA	54.7342522072697	54.2287315275543	649.725501828878	720.225560606476	645.049112791346
"1/sp|P68919|RL25_ECOLI"	"ECOLI"	562.90295275397	636.237375787268	NA	1771.46210254336	1803.20930543582	1748.77898874316
"1/sp|P69228|BAER_ECOLI"	"ECOLI"	NA	NA	NA	62.9602322960107	NA	216.481084850838
"1/sp|P69407|RCSB_ECOLI"	"ECOLI"	NA	NA	NA	97.431798385095	NA	118.176430711812
"1/sp|P69411|RCSF_ECOLI"	"ECOLI"	NA	NA	NA	56.6382391841178	NA	NA
"1/sp|P69441|KAD_ECOLI"	"ECOLI"	582.437026264989	580.384423550034	584.450216852184	1924.85901585292	1954.3740873306	2037.82692244753
"1/sp|P69503|APT_ECOLI"	"ECOLI"	NA	NA	NA	279.724151302922	176.519108537293	211.351396220289
"1/sp|P69739|MBHS_ECOLI"	"ECOLI"	NA	NA	NA	112.321138247123	167.671075744005	177.412334815267
"1/sp|P69776|LPP_ECOLI"	"ECOLI"	1095.63933674895	1098.98320670749	1072.22711327071	3837.75440490019	3662.2811537722	3774.47081697638
"1/sp|P69783|PTGA_ECOLI"	"ECOLI"	772.614829106389	743.32697516939	812.143302089688	3008.04720154531	2965.48859141179	2949.69011972872
"1/sp|P69786|PTGCB_ECOLI"	"ECOLI"	NA	NA	NA	536.788423424488	515.915902458463	422.288053006917
"1/sp|P69797|PTNAB_ECOLI"	"ECOLI"	629.848944911637	665.052951839914	732.434946157133	2202.72415593852	2136.20465769267	2144.89981766039
"1/sp|P69805|PTND_ECOLI"	"ECOLI"	90.0280850030332	93.5345271473419	NA	692.067081858117	711.674824952857	685.707013199363
"1/sp|P69829|PTSN_ECOLI"	"ECOLI"	NA	NA	NA	NA	312.957138646469	NA
"1/sp|P69874|POTA_ECOLI"	"ECOLI"	NA	NA	NA	79.6182232700596	NA	NA
"1/sp|P69908|DCEA_ECOLI"	"ECOLI"	NA	NA	NA	4253.02093952496	4034.23558876526	3906.16644629578
"1/sp|P69910|DCEB_ECOLI"	"ECOLI"	NA	NA	NA	3719.95798354917	3684.53265057574	3702.87422366318
"1/sp|P69924|RIR2_ECOLI"	"ECOLI"	NA	NA	NA	79.6314803599098	NA	93.9977384381896
"1/sp|P75682|YAGE_ECOLI"	"ECOLI"	1001.09974146559	985.379982376238	1034.82025805249	3587.58324247621	3494.18549961518	3610.74500655619
"1/sp|P75818|YBJP_ECOLI"	"ECOLI"	382.734250462912	429.388332902494	385.370001579843	1310.31223439531	1302.97271574913	1310.07446674212
"1/sp|P75823|LTAE_ECOLI"	"ECOLI"	NA	NA	NA	186.899878466144	235.784995821993	205.215466744306
"1/sp|P75849|YCBL_ECOLI"	"ECOLI"	NA	NA	NA	NA	NA	165.702608966703
"1/sp|P75863|YCBX_ECOLI"	"ECOLI"	NA	NA	NA	110.1729408861	NA	104.194171245431
"1/sp|P75874|YCCU_ECOLI"	"ECOLI"	NA	NA	NA	432.128443168306	842.026882390982	412.090471459441
"1/sp|P75876|RLMI_ECOLI"	"ECOLI"	NA	NA	NA	904.768388795305	NA	969.676301773933
"1/sp|P75913|GHRA_ECOLI"	"ECOLI"	NA	NA	NA	98.8358199376265	108.69022385006	179.336912159664
"1/sp|P75957|LOLD_ECOLI"	"ECOLI"	NA	NA	NA	86.5425647134108	NA	78.8848271232702
"1/sp|P76015|DHAK_ECOLI"	"ECOLI"	NA	NA	NA	127.242831588787	118.992758317444	183.018798576284
"1/sp|P76097|YDCJ_ECOLI"	"ECOLI"	NA	NA	NA	164.731091394501	200.011610038676	NA
"1/sp|P76113|CURA_ECOLI"	"ECOLI"	NA	NA	NA	734.219307151303	668.929957914799	645.34329709078
"1/sp|P76143|LSRF_ECOLI"	"ECOLI"	NA	NA	NA	NA	315.411137883877	NA
"1/sp|P76145|TAM_ECOLI"	"ECOLI"	NA	NA	NA	180.845605274264	225.969712713782	191.292622240418
"1/sp|P76177|YDGH_ECOLI"	"ECOLI"	NA	NA	NA	331.380207436308	332.350280450237	226.503347487216
"1/sp|P76187|YDHF_ECOLI"	"ECOLI"	NA	NA	178.71070001	446.585237775759	514.444869020857	442.498364008939
"1/sp|P76193|YNHG_ECOLI"	"ECOLI"	NA	NA	NA	346.491320521168	319.615723781161	245.601842192139
"1/sp|P76268|KDGR_ECOLI"	"ECOLI"	NA	NA	NA	514.820514843574	399.036667807123	446.671378949968
"1/sp|P76316|DCYD_ECOLI"	"ECOLI"	NA	NA	NA	354.461483856237	289.563195938065	389.178050479162
"1/sp|P76329|MPGP_ECOLI"	"ECOLI"	NA	NA	NA	NA	78.3922901618857	85.1431748477532
"1/sp|P76372|WZZB_ECOLI"	"ECOLI"	NA	NA	NA	388.018315765107	NA	69.2209698751117
"1/sp|P76402|YEGP_ECOLI"	"ECOLI"	352.577555758628	344.096707603392	371.098597170674	1332.73301659985	1234.73691076315	1267.08005797089
"1/sp|P76418|YEGU_ECOLI"	"ECOLI"	NA	NA	NA	770.891902795549	728.89223084491	745.851647513592
"1/sp|P76419|YEGV_ECOLI"	"ECOLI"	NA	NA	NA	237.869765049711	88.6192721667806	86.4209237213538
"1/sp|P76422|THID_ECOLI"	"ECOLI"	NA	NA	NA	NA	136.112812191622	154.96667809685
"1/sp|P76440|PRET_ECOLI"	"ECOLI"	NA	NA	NA	396.853958122094	NA	NA
"1/sp|P76558|MAO2_ECOLI"	"ECOLI"	70.7541682539471	NA	NA	430.86563841881	412.374307006772	397.789787174544
"1/sp|P76594|YFIQ_ECOLI"	"ECOLI"	NA	NA	NA	NA	NA	106.838636346267
"1/sp|P76658|HLDE_ECOLI"	"ECOLI"	NA	NA	NA	494.997656744108	460.99750980159	461.802378216447
"1/sp|P77213|CAAL_ECOLI"	"ECOLI"	NA	NA	NA	225.642462754775	246.094233381202	200.837004802035
"1/sp|P77269|YPHF_ECOLI"	"ECOLI"	NA	NA	NA	58.240671089287	NA	66.9021723733341
"1/sp|P77318|YDEN_ECOLI"	"ECOLI"	NA	NA	NA	239.867191510228	245.34483012523	212.332224379844
"1/sp|P77395|YBBN_ECOLI"	"ECOLI"	NA	NA	NA	215.028865639724	210.692502422907	205.915628501025
"1/sp|P77454|GLSA1_ECOLI"	"ECOLI"	NA	220.66899070136	NA	489.708321037967	507.228832619857	478.871995609891
"1/sp|P77488|DXS_ECOLI"	"ECOLI"	NA	NA	NA	391.666486470603	421.426261533984	147.674475015912
"1/sp|P77596|YAGF_ECOLI"	"ECOLI"	526.604432989782	586.665644768309	793.075000149611	1837.04202489506	1704.35114544333	1918.89427729311
"1/sp|P77625|YFBT_ECOLI"	"ECOLI"	NA	NA	NA	NA	557.950913632961	NA
"1/sp|P77674|ABDH_ECOLI"	"ECOLI"	NA	NA	NA	NA	161.298357890669	NA
"1/sp|P77717|YBAY_ECOLI"	"ECOLI"	403.367617169473	380.790363316941	188.208514833152	812.769787409246	719.433883603425	802.78641247995
"1/sp|P77735|YAJO_ECOLI"	"ECOLI"	NA	NA	NA	750.859814894819	720.094872507092	692.619604325109
"1/sp|P77739|YNIA_ECOLI"	"ECOLI"	NA	NA	NA	219.699112239949	214.67999425991	215.416794688383
"1/sp|P77774|BAMB_ECOLI"	"ECOLI"	NA	32.5063480461258	NA	382.461727330108	391.65900630114	356.876517740197
"1/sp|P77804|YDGA_ECOLI"	"ECOLI"	88.0418761867183	58.2398865565393	144.745465978403	640.095443997909	639.471815454553	643.900087449436
"1/sp|P77808|CINAL_ECOLI"	"ECOLI"	NA	NA	NA	NA	NA	27.0209108971112
"1/sp|P78330|SERB_HUMAN"	"HUMAN"	643.562362496101	705.800257436826	676.242916920965	755.834737014377	673.950408615149	728.04433907569
"1/sp|P78344|IF4G2_HUMAN"	"HUMAN"	376.284522188354	366.792959332989	377.272485817215	205.547958970859	401.521847767591	439.055601335564
"1/sp|P78346|RPP30_HUMAN"	"HUMAN"	NA	NA	205.173977538545	161.27766380693	114.68712364641	127.477252403869
"1/sp|P78347|GTF2I_HUMAN"	"HUMAN"	877.064067363009	893.009068801502	910.635633414094	1009.48945734664	1063.05289960381	1156.68708863362
"1/sp|P78371|TCPB_HUMAN"	"HUMAN"	2987.81787070869	2950.73880585404	2878.35701264559	2746.92585610595	2676.72987665255	2789.37447894111
"1/sp|P78406|RAE1L_HUMAN"	"HUMAN"	NA	NA	NA	NA	NA	138.903267435522
"1/sp|P78417|GSTO1_HUMAN"	"HUMAN"	1788.53746981916	1769.56152625233	1769.18453000553	1775.7281637086	1762.28831494352	1753.98966531053
"1/sp|P78527|PRKDC_HUMAN"	"HUMAN"	5293.61209452809	6176.6305111285	5794.16171634096	4859.78768228115	5334.85327755551	5122.78467341044
"1/sp|P80723|BASP1_HUMAN"	"HUMAN"	5543.48668542029	5285.95787332823	5197.8367273744	5718.72018882403	5554.39273349498	5438.83614017127
"1/sp|P82650|RT22_HUMAN"	"HUMAN"	NA	NA	NA	124.159523919221	NA	NA
"1/sp|P82933|RT09_HUMAN"	"HUMAN"	NA	NA	172.545930555442	136.079677221018	146.173187149083	158.327798338777
"1/sp|P82979|SARNP_HUMAN"	"HUMAN"	1246.65034522095	1282.36030859452	1273.4243514425	1257.30159315939	1196.90654932062	1285.6928709589
"1/sp|P83731|RL24_HUMAN"	"HUMAN"	2515.44586309823	2834.45549912783	2580.10054328865	2601.73516857074	2475.68382404888	2692.62460963908
"1/sp|P83881|RL36A_HUMAN"	"HUMAN"	352.524146465296	353.488351893282	384.504489731615	387.140750770054	348.441862882844	376.4171105004
"1/sp|P83916|CBX1_HUMAN"	"HUMAN"	NA	NA	NA	NA	140.045713683873	NA
"1/sp|P84085|ARF5_HUMAN"	"HUMAN"	155.547666398736	172.422602933933	NA	98.5727104118104	NA	102.205392141159
"1/sp|P84090|ERH_HUMAN"	"HUMAN"	200.119224121511	216.114619151558	129.038839840923	247.266904857719	207.715367311013	239.446296358133
"1/sp|P84098|RL19_HUMAN"	"HUMAN"	2665.41517725817	2711.69947082216	2919.68683970302	2879.41699284022	2789.53524047568	2705.42308752559
"1/sp|P84103|SRSF3_HUMAN"	"HUMAN"	3081.48491899824	3036.5906735391	2995.74434563574	3012.21530525696	2974.12990692848	2953.84526118746
"1/sp|P98082|DAB2_HUMAN"	"HUMAN"	128.836823653645	NA	NA	NA	106.794819729787	NA
"1/sp|P99999|CYC_HUMAN"	"HUMAN"	1752.73140331592	1754.83148542169	1819.47011570172	1805.09983786539	1730.62716663165	1862.04487017514
"1/sp|Q00059|TFAM_HUMAN"	"HUMAN"	522.347220834292	529.97643082786	524.78348756206	425.33513643296	462.379955339328	598.31630362654
"1/sp|Q00325|MPCP_HUMAN"	"HUMAN"	4079.63759007353	4250.29691615329	4247.70578235505	4566.20088020058	4401.31885203976	4351.38958108628
"1/sp|Q00341|VIGLN_HUMAN"	"HUMAN"	589.685964944822	553.576753145486	410.117561825067	341.751960476944	1060.30104015352	1013.2958379267
"1/sp|Q00577|PURA_HUMAN"	"HUMAN"	127.529788267639	129.92266085564	NA	NA	NA	NA
"1/sp|Q00610|CLH1_HUMAN"	"HUMAN"	3814.40772826686	4045.54359461136	3864.04247283233	3924.83514134456	3798.15406693987	3888.89923773042
"1/sp|Q00688|FKBP3_HUMAN"	"HUMAN"	811.018782465358	799.593961012409	698.232502721197	778.256271722902	798.035868553196	682.263535234983
"1/sp|Q00765|REEP5_HUMAN"	"HUMAN"	NA	294.05739903233	NA	240.400060309209	284.947647895753	257.063585823524
"1/sp|Q00796|DHSO_HUMAN"	"HUMAN"	574.997853843416	499.483817332127	491.156958993559	325.459928140701	355.697900062519	396.571286924215
"1/sp|Q00839|HNRPU_HUMAN"	"HUMAN"	6652.62433793246	6590.5069073869	6433.66285882183	6518.28416095219	6025.11998304893	6287.70101407728
"1/sp|Q01081|U2AF1_HUMAN"	"HUMAN"	1071.46282954737	1019.54796526678	992.119651228379	1094.32215841488	1097.00860031569	1095.36766478183
"1/sp|Q01082|SPTB2_HUMAN"	"HUMAN"	2495.75248148536	989.746921536931	873.029227526824	781.988078860023	2345.99852899463	892.79742572354
"1/sp|Q01085|TIAR_HUMAN"	"HUMAN"	303.318287127555	170.53644661177	279.033004247552	301.551053870222	180.788646955917	243.153270039894
"1/sp|Q01105|SET_HUMAN"	"HUMAN"	5512.05308512942	5590.78738036081	5139.30706107942	5432.70377672558	5105.27124953285	5161.06025670495
"1/sp|Q01469|FABP5_HUMAN"	"HUMAN"	1259.01973419484	1246.24520991337	1252.71351685685	1416.86514055289	1301.61033031069	1362.13648907747
"1/sp|Q01518|CAP1_HUMAN"	"HUMAN"	1340.06496053778	1394.98908732887	1312.79742912468	1500.79678785371	1486.73243133069	1504.39159874441
"1/sp|Q01650|LAT1_HUMAN"	"HUMAN"	1818.37099910109	1830.10762764627	1782.24500888923	1882.25896812763	1808.45290364811	1832.82662266895
"1/sp|Q01780|EXOSX_HUMAN"	"HUMAN"	180.703745285815	186.214807246753	231.570790458799	237.444514997865	195.500755667529	289.893888899148
"1/sp|Q01813|K6PP_HUMAN"	"HUMAN"	682.178072125137	706.901583026543	782.377531567506	823.658343661347	776.373525658755	707.319313330698
"1/sp|Q01844|EWS_HUMAN"	"HUMAN"	423.328096345541	422.014351313579	419.578382819241	428.833446934762	391.527293955686	396.518110526878
"1/sp|Q02218|ODO1_HUMAN"	"HUMAN"	605.69873604786	585.316924780276	506.24507279061	520.977890527976	553.618440073841	565.797722314528
"1/sp|Q02539|H11_HUMAN"	"HUMAN"	173.002183789078	158.230724928113	NA	169.316842082433	175.998273625496	152.341431961203
"1/sp|Q02543|RL18A_HUMAN"	"HUMAN"	1408.93391683368	1454.23195219167	1366.71420858118	1327.39114452803	1372.80707971502	1412.20480899982
"1/sp|Q02790|FKBP4_HUMAN"	"HUMAN"	1756.45048789745	1732.55471941708	1680.93484451197	1756.20283048412	1741.94200930377	1817.02507014486
"1/sp|Q02809|PLOD1_HUMAN"	"HUMAN"	848.065350086417	851.808289541009	839.467496729959	851.976162216148	806.474667734015	857.426979957549
"1/sp|Q02818|NUCB1_HUMAN"	"HUMAN"	458.95406945545	477.028528021934	500.531283941109	642.191316904216	555.250942123678	273.187413214852
"1/sp|Q02878|RL6_HUMAN"	"HUMAN"	7431.2445059873	7527.06739977631	7593.78543367702	7586.94481818246	7177.37029578978	7189.9399608929
"1/sp|Q02880|TOP2B_HUMAN"	"HUMAN"	438.097361009615	407.932007809855	333.904999833638	333.093141619074	332.593646975794	362.079442866545
"1/sp|Q02978|M2OM_HUMAN"	"HUMAN"	297.250396689714	278.648215599607	296.557759648875	300.307937264659	314.278035686651	327.69423806443
"1/sp|Q03135|CAV1_HUMAN"	"HUMAN"	104.679739801306	117.324872866047	104.772723596512	114.207652966804	120.557014281406	101.9781961222
"1/sp|Q03169|TNAP2_HUMAN"	"HUMAN"	NA	NA	NA	NA	117.935097436346	NA
"1/sp|Q03252|LMNB2_HUMAN"	"HUMAN"	395.861038071055	996.487432172557	960.579934850316	651.021806162321	634.120988033239	899.797886838347
"1/sp|Q04323|UBXN1_HUMAN"	"HUMAN"	380.927371337411	364.517629514089	406.756974057565	397.223193198671	424.967934482613	389.979575854224
"1/sp|Q04446|GLGB_HUMAN"	"HUMAN"	561.275206344589	625.576756081892	570.99622249678	555.657834027502	545.527062453605	649.070245617339
"1/sp|Q04637|IF4G1_HUMAN"	"HUMAN"	934.079016640554	956.766506008996	891.800858422955	967.412687241056	975.804775688193	806.261010156489
"1/sp|Q04695|K1C17_HUMAN"	"HUMAN"	2655.27333479222	2945.05475630736	2844.60434337399	2700.32074302224	2549.14269401394	2764.0709096089
"1/sp|Q04760|LGUL_HUMAN"	"HUMAN"	1993.50219412696	1985.30038231657	1954.40015038686	2031.87459684831	2018.19445223815	2081.33224412282
"1/sp|Q04837|SSBP_HUMAN"	"HUMAN"	1327.17237701344	1224.31406202205	1293.96860991452	1269.96328032627	1288.10554896468	1281.10202483751
"1/sp|Q04917|1433F_HUMAN"	"HUMAN"	454.871174514356	379.520737909789	401.049034595664	418.750414219287	426.902728346684	424.54578624385
"1/sp|Q04941|PLP2_HUMAN"	"HUMAN"	768.277807073963	NA	780.60693311155	696.958355610328	NA	NA
"1/sp|Q05048|CSTF1_HUMAN"	"HUMAN"	NA	NA	NA	289.727720375389	NA	NA
"1/sp|Q05519|SRS11_HUMAN"	"HUMAN"	452.303788447422	421.981624119776	430.003103143955	445.170204550531	420.433751981607	427.652794808501
"1/sp|Q05639|EF1A2_HUMAN"	"HUMAN"	573.862477898259	500.50125024402	522.446258320119	554.772294092739	464.014523313831	474.047978035966
"1/sp|Q05682|CALD1_HUMAN"	"HUMAN"	561.325479907977	573.611427210541	529.425697044997	502.308228800882	513.253749930529	553.062340454497
"1/sp|Q06265|EXOS9_HUMAN"	"HUMAN"	366.338184744106	213.462034225796	346.295433324146	340.570238652395	275.054021575862	NA
"1/sp|Q06323|PSME1_HUMAN"	"HUMAN"	822.70380163822	745.913470358473	689.774714073263	761.278749196226	717.931946948942	931.202580874296
"1/sp|Q06787|FMR1_HUMAN"	"HUMAN"	NA	279.417832301287	268.172355062235	NA	600.588515410906	NA
"1/sp|Q06830|PRDX1_HUMAN"	"HUMAN"	17910.7569247885	18039.6458280965	17852.7710719753	17854.4092788141	16887.1963360054	17527.991595412
"1/sp|Q07020|RL18_HUMAN"	"HUMAN"	6475.77642700603	6612.48780908344	6696.60374539261	6750.78812199781	6576.78192197085	7148.67601672462
"1/sp|Q07021|C1QBP_HUMAN"	"HUMAN"	875.862683413349	856.080254102242	738.779578953661	798.811068008588	718.569281436223	808.7690549882
"1/sp|Q07065|CKAP4_HUMAN"	"HUMAN"	2298.82975780583	2374.25479289469	2137.47847434852	2119.91070282188	1985.03228551287	2206.09111344441
"1/sp|Q07666|KHDR1_HUMAN"	"HUMAN"	778.524688797407	748.526465765198	689.086949123666	793.427003174107	734.570120910056	715.058881108384
"1/sp|Q07812|BAX_HUMAN"	"HUMAN"	226.407599482083	227.128377241894	272.168004623352	249.419365340098	239.806317176362	230.518793182091
"1/sp|Q07955|SRSF1_HUMAN"	"HUMAN"	2062.95490013038	2006.28095660847	2042.25688225394	1962.33647550572	1889.37732003256	2016.42030903053
"1/sp|Q07960|RHG01_HUMAN"	"HUMAN"	105.764607418203	NA	114.927794058879	NA	NA	NA
"1/sp|Q08211|DHX9_HUMAN"	"HUMAN"	2528.55360582076	2579.55618731382	2564.69675362235	2644.60149806	2492.04758721254	2677.59997189945
"1/sp|Q08257|QOR_HUMAN"	"HUMAN"	471.717918706027	448.429228841985	443.310045203677	453.806203199885	513.590148508577	576.774293962281
"1/sp|Q08499|PDE4D_HUMAN"	"HUMAN"	NA	NA	NA	NA	NA	36.5547279529737
"1/sp|Q08945|SSRP1_HUMAN"	"HUMAN"	1433.5447608498	1417.04152464323	1365.38413285982	1417.46756815992	1465.24653984219	1485.57438315328
"1/sp|Q08J23|NSUN2_HUMAN"	"HUMAN"	1444.59727836054	1694.93144591272	1575.8339615864	1537.95477784192	1561.02873986041	1502.17059059489
"1/sp|Q09161|NCBP1_HUMAN"	"HUMAN"	225.138531094798	284.295087058298	329.861307925369	302.511834119156	281.264659392168	280.441548011675
"1/sp|Q09666|AHNK_HUMAN"	"HUMAN"	5221.37134214895	5084.66124939172	5819.31440906363	5081.75493911306	4644.82651812119	4600.52251387367
"1/sp|Q10471|GALT2_HUMAN"	"HUMAN"	963.908652313113	956.296280240201	947.281002774296	959.747859848671	932.724708264991	910.334162690202
"1/sp|Q10567|AP1B1_HUMAN"	"HUMAN"	NA	NA	NA	NA	NA	198.675203169097
"1/sp|Q10589|BST2_HUMAN"	"HUMAN"	331.215913522735	337.285995338086	NA	342.003897886713	346.571530302912	341.992513636138
"1/sp|Q10713|MPPA_HUMAN"	"HUMAN"	398.327704414676	368.297742211467	399.654078927794	397.756480491984	391.523792448747	390.096498491853
"1/sp|Q12769|NU160_HUMAN"	"HUMAN"	376.828310246731	424.306690522545	273.009095077749	438.164363340505	422.112500883867	439.75118722568
"1/sp|Q12788|TBL3_HUMAN"	"HUMAN"	175.695193580218	200.166714986819	168.302302016829	212.309550885172	208.903334898282	157.03323330345
"1/sp|Q12797|ASPH_HUMAN"	"HUMAN"	1155.36358483602	986.420965236134	1062.88699215352	1005.4605137737	992.706169162694	944.44729748654
"1/sp|Q12849|GRSF1_HUMAN"	"HUMAN"	NA	NA	205.027675522361	275.455833293225	NA	NA
"1/sp|Q12874|SF3A3_HUMAN"	"HUMAN"	1653.59924440919	1657.07090799625	1554.95899788885	1110.02838112736	1152.27355525332	1143.99722683394
"1/sp|Q12904|AIMP1_HUMAN"	"HUMAN"	593.882349294714	628.567474785383	554.575753139368	515.222679445628	674.368139666262	684.695618694945
"1/sp|Q12905|ILF2_HUMAN"	"HUMAN"	2689.31374308843	2569.69721531298	2960.45928968844	2858.2424858913	2885.34143514841	2375.82964744415
"1/sp|Q12906|ILF3_HUMAN"	"HUMAN"	1633.82197996149	1698.97567527841	1725.12808891466	1675.19301889251	1673.50789245041	1646.05835399218
"1/sp|Q12907|LMAN2_HUMAN"	"HUMAN"	1322.55620443649	1371.715165374	1481.21139554615	1400.47624011578	1408.62688055553	1415.38259014825
"1/sp|Q12931|TRAP1_HUMAN"	"HUMAN"	2126.16145793687	2184.49862344793	2186.06666013328	2048.572603311	2007.96424267438	2050.48732151877
"1/sp|Q12965|MYO1E_HUMAN"	"HUMAN"	325.695836627295	347.390147710974	323.44691750047	304.458801202015	342.116489166036	331.725818128259
"1/sp|Q13011|ECH1_HUMAN"	"HUMAN"	1199.61942483087	1188.22041662779	1137.59343500255	1102.84092475465	1170.36164504771	1162.03479980296
"1/sp|Q13045|FLII_HUMAN"	"HUMAN"	NA	291.986660086719	209.376133733361	245.984876260383	171.834539926259	233.068261067015
"1/sp|Q13057|COASY_HUMAN"	"HUMAN"	725.985873413303	712.802370126106	268.227395331318	677.799734326019	868.677488023931	234.961035853894
"1/sp|Q13085|ACACA_HUMAN"	"HUMAN"	648.723251609479	506.397228893873	530.883936219106	519.712693096545	471.72602969976	478.451047072911
"1/sp|Q13098|CSN1_HUMAN"	"HUMAN"	381.308409713115	306.859215492164	165.65006368008	432.335238582865	334.18909940913	293.555360777772
"1/sp|Q13126|MTAP_HUMAN"	"HUMAN"	543.819587968293	464.955338568989	501.326333731058	527.777664982392	521.064932276074	489.210409999136
"1/sp|Q13148|TADBP_HUMAN"	"HUMAN"	1053.71476030284	1093.95138802799	997.267695741813	1029.58652488041	1040.99213249438	966.257341611514
"1/sp|Q13151|ROA0_HUMAN"	"HUMAN"	917.533110159498	782.353729521629	921.702745261659	953.112915275525	963.620908822482	936.196773499755
"1/sp|Q13155|AIMP2_HUMAN"	"HUMAN"	346.344987986418	266.851738085935	284.076600800068	293.22845518414	295.961430595555	312.902204043197
"1/sp|Q13162|PRDX4_HUMAN"	"HUMAN"	1869.47600539417	1865.49790700979	1765.53172587746	1747.0843454033	1719.141649425	1784.68798897639
"1/sp|Q13185|CBX3_HUMAN"	"HUMAN"	881.446529348306	894.541468015122	821.687474409341	829.061952968673	834.980490113399	833.318500544278
"1/sp|Q13200|PSMD2_HUMAN"	"HUMAN"	917.277812881063	828.471568010659	810.322510997985	727.922317699846	812.735793117997	789.902083228524
"1/sp|Q13217|DNJC3_HUMAN"	"HUMAN"	NA	220.62694066076	NA	206.940055629449	241.55900390788	192.931121715205
"1/sp|Q13228|SBP1_HUMAN"	"HUMAN"	987.494836128453	745.923010616214	1023.24531553271	899.6715098771	891.771809282652	1019.65395100649
"1/sp|Q13242|SRSF9_HUMAN"	"HUMAN"	757.256836655959	841.456137193078	739.702652336272	747.60905071956	798.275526515271	714.290894101363
"1/sp|Q13243|SRSF5_HUMAN"	"HUMAN"	107.537082860346	NA	NA	NA	NA	NA
"1/sp|Q13247|SRSF6_HUMAN"	"HUMAN"	317.941384070406	329.079506684963	310.161230577865	490.741610531403	470.366014641915	441.682574542175
"1/sp|Q13263|TIF1B_HUMAN"	"HUMAN"	1323.01960981764	1317.19358172852	1267.25361414022	1314.37975277135	1268.91549819343	1353.665845092
"1/sp|Q13283|G3BP1_HUMAN"	"HUMAN"	1139.11439450153	1082.71365141423	1078.98514997012	1120.45385962981	1055.18041130866	1032.66695541278
"1/sp|Q13310|PABP4_HUMAN"	"HUMAN"	1153.70861536223	1335.68022329917	1373.02451465352	1371.95596343559	1369.24253675792	1426.71740191619
"1/sp|Q13347|EIF3I_HUMAN"	"HUMAN"	576.115452575934	566.0086128764	501.536230446416	577.910058140844	568.222733398514	568.794172738317
"1/sp|Q13363|CTBP1_HUMAN"	"HUMAN"	196.970680592681	202.916211768972	234.108141400041	261.514490716388	262.521864277921	232.286945753424
"1/sp|Q13418|ILK_HUMAN"	"HUMAN"	275.245655922728	314.599201541786	312.553581641561	306.337546570417	358.540783062035	385.337936136132
"1/sp|Q13423|NNTM_HUMAN"	"HUMAN"	2975.32781030475	2911.37934397454	2995.44955587896	2819.92767670324	2864.85671429779	3011.76923296622
"1/sp|Q13427|PPIG_HUMAN"	"HUMAN"	NA	NA	NA	NA	NA	174.120028938441
"1/sp|Q13428|TCOF_HUMAN"	"HUMAN"	723.396487872733	735.72181138551	730.814883031321	661.520294513655	671.559007948317	698.255347089357
"1/sp|Q13435|SF3B2_HUMAN"	"HUMAN"	1106.72103789408	1095.28301104687	1100.05026153083	1073.02871733405	1092.54935874263	1094.74208382711
"1/sp|Q13442|HAP28_HUMAN"	"HUMAN"	625.420403395364	658.1843108789	674.949738050227	663.137568994956	706.433179735077	710.275775318332
"1/sp|Q13492|PICAL_HUMAN"	"HUMAN"	335.144917410215	317.541302417556	280.51994192534	251.106530179272	209.183809928428	266.236056025169
"1/sp|Q13526|PIN1_HUMAN"	"HUMAN"	44.4088069751209	NA	NA	NA	NA	NA
"1/sp|Q13547|HDAC1_HUMAN"	"HUMAN"	85.0436016666694	NA	NA	NA	86.0153621534664	NA
"1/sp|Q13561|DCTN2_HUMAN"	"HUMAN"	605.453377855944	390.528463836087	720.223321349701	824.080705940515	642.210265334459	606.070124680676
"1/sp|Q13564|ULA1_HUMAN"	"HUMAN"	NA	NA	132.474806576541	NA	NA	NA
"1/sp|Q13595|TRA2A_HUMAN"	"HUMAN"	NA	NA	341.862855530009	NA	NA	300.512938002867
"1/sp|Q13619|CUL4A_HUMAN"	"HUMAN"	419.212399522335	322.270715630778	388.115305081959	273.872360762041	459.201056243394	508.17073035332
"1/sp|Q13620|CUL4B_HUMAN"	"HUMAN"	256.438502573473	284.079570309734	106.736058932831	NA	NA	NA
"1/sp|Q13636|RAB31_HUMAN"	"HUMAN"	194.705185321788	NA	NA	NA	216.94967972714	202.482725152293
"1/sp|Q13642|FHL1_HUMAN"	"HUMAN"	94.832775545997	94.4875074761015	104.447942222963	91.1625577676084	105.432629329536	101.363212661507
"1/sp|Q13724|MOGS_HUMAN"	"HUMAN"	175.90945079336	473.009735259538	433.339345833698	245.248072206839	467.566889885829	463.498557739813
"1/sp|Q13740|CD166_HUMAN"	"HUMAN"	359.647335019291	434.446848220273	333.732627214292	453.851638309629	411.719247426471	463.06006460831
"1/sp|Q13765|NACA_HUMAN"	"HUMAN"	1831.45197422903	1874.74037140949	1812.87129119665	1865.13645020826	1792.25767413338	1848.86366889699
"1/sp|Q13813|SPTN1_HUMAN"	"HUMAN"	965.469083079422	1028.0846753733	900.407092437026	1001.91950943263	1106.84490578569	1141.01952484448
"1/sp|Q13838|DX39B_HUMAN"	"HUMAN"	485.559137477984	476.901766156617	493.874618191424	529.351991721118	569.432677441661	583.987146042232
"1/sp|Q13868|EXOS2_HUMAN"	"HUMAN"	223.664158298543	248.018324706635	NA	295.925420934497	431.916389590457	390.995855722858
"1/sp|Q13907|IDI1_HUMAN"	"HUMAN"	161.171804539796	198.584442508509	186.760050883351	209.467709129816	201.467897982124	212.306809695578
"1/sp|Q14008|CKAP5_HUMAN"	"HUMAN"	205.038360526919	128.413042359463	212.994787538486	125.295750814234	183.851104147147	NA
"1/sp|Q14019|COTL1_HUMAN"	"HUMAN"	624.048649521011	396.709070475286	585.64352468935	600.225525224618	655.128306166313	616.316628348685
"1/sp|Q14103|HNRPD_HUMAN"	"HUMAN"	2555.43471500499	2571.95179568762	2571.0147946966	2554.24049872074	2663.7908458575	2685.51840227094
"1/sp|Q14108|SCRB2_HUMAN"	"HUMAN"	447.63768735796	308.591554110349	341.111045580516	347.104405573181	358.973582789269	334.363150293024
"1/sp|Q14126|DSG2_HUMAN"	"HUMAN"	181.611985615778	175.946206270558	202.480594424421	230.752190445731	220.452209371856	250.385821187756
"1/sp|Q14152|EIF3A_HUMAN"	"HUMAN"	1057.37327592753	1138.65377748418	1165.08660987264	1010.41875799121	1027.32235876957	1042.33587660029
"1/sp|Q14157|UBP2L_HUMAN"	"HUMAN"	350.623497190352	343.107992036089	344.679902860128	324.41634588679	291.362050428603	345.519525299364
"1/sp|Q14160|SCRIB_HUMAN"	"HUMAN"	121.103578371533	NA	39.4204546569099	130.097544663356	75.4194642252681	98.9350493192077
"1/sp|Q14166|TTL12_HUMAN"	"HUMAN"	545.269304895299	623.57906003926	610.97104971726	680.167517205692	579.98879031163	625.65862011201
"1/sp|Q14203|DCTN1_HUMAN"	"HUMAN"	NA	NA	NA	NA	NA	117.936551585886
"1/sp|Q14204|DYHC1_HUMAN"	"HUMAN"	1122.19327812818	1130.05895040501	1716.14883288908	1808.00751910102	1856.21990278389	1108.30080418293
"1/sp|Q14244|MAP7_HUMAN"	"HUMAN"	236.527718376741	225.12161417811	NA	210.485276214731	NA	242.597531424612
"1/sp|Q14247|SRC8_HUMAN"	"HUMAN"	1148.38150823363	1149.78484072874	1221.76647254469	1207.20414469208	1147.31594113078	1161.02735340802
"1/sp|Q14254|FLOT2_HUMAN"	"HUMAN"	310.152634177876	282.47062823242	305.604770410361	298.170970856441	340.02437550656	323.720758264818
"1/sp|Q14257|RCN2_HUMAN"	"HUMAN"	NA	NA	NA	NA	44.7542493234247	NA
"1/sp|Q14258|TRI25_HUMAN"	"HUMAN"	244.818071640434	251.684002980339	221.586772226902	240.387248901684	238.413127822076	258.68116887901
"1/sp|Q14318|FKBP8_HUMAN"	"HUMAN"	470.581653149486	507.852539133715	338.634602265492	485.250348196297	459.878954440664	489.535101076184
"1/sp|Q14320|FA50A_HUMAN"	"HUMAN"	175.008910430156	165.431935295014	195.005434726925	NA	NA	NA
"1/sp|Q14376|GALE_HUMAN"	"HUMAN"	NA	NA	NA	40.2395605986144	161.626854280513	46.7567680120718
"1/sp|Q14432|PDE3A_HUMAN"	"HUMAN"	210.938694932671	142.391549411249	267.236253833377	239.947821482747	205.328362633453	NA
"1/sp|Q14444|CAPR1_HUMAN"	"HUMAN"	946.383818037656	904.791700538598	895.978031090347	876.530799107804	878.087135550225	912.426106366929
"1/sp|Q14498|RBM39_HUMAN"	"HUMAN"	1074.87864824511	1045.22818919896	1062.53451261201	1059.87858069702	1099.97688839785	1082.98938153745
"1/sp|Q14566|MCM6_HUMAN"	"HUMAN"	991.382297282707	1128.57630979549	1122.34611525065	1238.2638721829	1170.28216215054	1206.32289714317
"1/sp|Q14573|ITPR3_HUMAN"	"HUMAN"	135.768558373276	114.792686648732	NA	121.799145875979	117.943121674554	116.569483744449
"1/sp|Q14677|EPN4_HUMAN"	"HUMAN"	127.585170556395	195.732536808168	168.793470854565	130.832987619279	127.610337989999	105.169440196529
"1/sp|Q14683|SMC1A_HUMAN"	"HUMAN"	2050.68348497574	2138.90572066511	2068.57206789991	2143.26782573226	2164.57778701989	2212.39228536387
"1/sp|Q14697|GANAB_HUMAN"	"HUMAN"	3724.79963070791	3901.15720749124	3940.38500018409	3874.30532081118	3887.18883736331	3915.13348759747
"1/sp|Q14738|2A5D_HUMAN"	"HUMAN"	NA	225.539084025001	195.839950823873	201.828180561035	199.933631855544	173.117713151213
"1/sp|Q14839|CHD4_HUMAN"	"HUMAN"	NA	275.261132640637	290.659428267364	NA	261.927450587516	NA
"1/sp|Q14847|LASP1_HUMAN"	"HUMAN"	698.489544453509	692.055865445095	670.150244162921	679.820652283688	690.37804995931	671.999368989072
"1/sp|Q14914|PTGR1_HUMAN"	"HUMAN"	561.423802961557	556.896163424804	562.425725149948	641.246307601562	629.267046220836	612.584636774432
"1/sp|Q14919|NC2A_HUMAN"	"HUMAN"	356.610737093029	341.216689228523	NA	339.353696255068	NA	355.943506815178
"1/sp|Q14974|IMB1_HUMAN"	"HUMAN"	2338.83231604622	2251.15035057979	2259.02023847203	2344.98782275387	2267.84252123182	2356.50382648226
"1/sp|Q14978|NOLC1_HUMAN"	"HUMAN"	928.401143300233	923.084674912851	956.620880167997	1294.71550630022	1262.53083556902	1389.49270286115
"1/sp|Q14980|NUMA1_HUMAN"	"HUMAN"	901.590240648134	950.755173751535	899.723530035667	889.332142756842	781.128133803013	943.483343657953
"1/sp|Q14C86|GAPD1_HUMAN"	"HUMAN"	320.014127526537	254.86873146582	269.334079447366	290.751162653429	373.165713016098	450.049672992011
"1/sp|Q15003|CND2_HUMAN"	"HUMAN"	NA	158.322959828647	NA	172.362667482853	142.1520264439	182.434598582535
"1/sp|Q15005|SPCS2_HUMAN"	"HUMAN"	333.902829753768	324.80024905687	328.018138742529	300.797282189854	346.162915756808	309.321618882976
"1/sp|Q15006|EMC2_HUMAN"	"HUMAN"	98.898693643195	NA	NA	NA	NA	NA
"1/sp|Q15008|PSMD6_HUMAN"	"HUMAN"	448.11126022873	536.340657485593	506.630073167551	305.428047080111	456.268631124948	477.444824008858
"1/sp|Q15019|SEPT2_HUMAN"	"HUMAN"	893.227611161427	867.816751219949	895.826439039499	836.397797754111	800.086619507871	791.467074895063
"1/sp|Q15021|CND1_HUMAN"	"HUMAN"	NA	NA	144.687995904314	NA	85.7802930207764	180.413824256954
"1/sp|Q15024|EXOS7_HUMAN"	"HUMAN"	NA	NA	NA	NA	89.6797329902976	NA
"1/sp|Q15029|U5S1_HUMAN"	"HUMAN"	1295.96230166652	1358.29799454483	1324.27062915313	1221.38078091684	1287.22431387771	1299.54853035196
"1/sp|Q15031|SYLM_HUMAN"	"HUMAN"	NA	NA	NA	NA	101.376962070217	113.353842530453
"1/sp|Q15046|SYK_HUMAN"	"HUMAN"	581.814386216624	666.415221719778	676.935052417339	667.746790073931	634.773053502959	618.441116972446
"1/sp|Q15056|IF4H_HUMAN"	"HUMAN"	505.718215004591	535.209979235313	551.23383965371	519.14428848922	482.425581130843	483.636627091011
"1/sp|Q15061|WDR43_HUMAN"	"HUMAN"	NA	NA	NA	NA	142.384535601017	NA
"1/sp|Q15084|PDIA6_HUMAN"	"HUMAN"	4385.6870624791	4570.46552308317	4266.38245532851	4609.46673855483	4356.98342333661	4495.98817368933
"1/sp|Q15102|PA1B3_HUMAN"	"HUMAN"	595.091874323855	616.726009114756	725.138274172183	641.369055003871	658.45605663263	690.478077862525
"1/sp|Q15125|EBP_HUMAN"	"HUMAN"	491.730550288197	517.814273742099	488.35777858616	622.688955688572	554.435362705914	578.185815148405
"1/sp|Q15126|PMVK_HUMAN"	"HUMAN"	NA	NA	NA	NA	92.0347162743279	NA
"1/sp|Q15149|PLEC_HUMAN"	"HUMAN"	3174.78458946448	3226.37112892006	3229.39476263975	3127.99174961713	3068.71705646507	3159.10070055361
"1/sp|Q15181|IPYR_HUMAN"	"HUMAN"	1163.04309128599	1213.59561745705	1199.2109002869	1329.90066772636	1308.32697670768	1360.35172877052
"1/sp|Q15185|TEBP_HUMAN"	"HUMAN"	3067.03070751656	2970.35942997526	2906.03137466391	2761.15122021643	2625.4217699558	2793.64021180908
"1/sp|Q15233|NONO_HUMAN"	"HUMAN"	2177.08649177523	2179.60160176209	2239.76473609085	2202.17097261901	2213.20971464509	2184.99078104017
"1/sp|Q15257|PTPA_HUMAN"	"HUMAN"	616.287904732357	570.578473220141	562.922403836489	565.20521994273	621.775259384732	550.962554803491
"1/sp|Q15287|RNPS1_HUMAN"	"HUMAN"	913.769208044495	953.487679684596	960.144061518574	998.187871763423	923.453985856329	988.231037788823
"1/sp|Q15293|RCN1_HUMAN"	"HUMAN"	479.908988609829	415.562687245774	376.528890104175	387.91322465513	381.793883303492	379.308515364758
"1/sp|Q15363|TMED2_HUMAN"	"HUMAN"	NA	93.9820945441473	151.113203816948	129.563053866876	107.178015192947	92.7623244013758
"1/sp|Q15365|PCBP1_HUMAN"	"HUMAN"	3212.64734452448	3176.56959275367	3275.01991493156	3220.38146307004	3098.2816235504	3167.74858283317
"1/sp|Q15366|PCBP2_HUMAN"	"HUMAN"	3241.90276159823	3387.79327437501	3348.94771228279	3128.0676717373	3188.79335709965	3375.48954178845
"1/sp|Q15369|ELOC_HUMAN"	"HUMAN"	206.749578717123	223.019502196111	219.211104623917	214.552352968486	206.124349701286	218.887679966447
"1/sp|Q15370|ELOB_HUMAN"	"HUMAN"	393.514644166564	386.987265296526	368.928412245305	365.685640773105	393.815924084053	392.344463064627
"1/sp|Q15382|RHEB_HUMAN"	"HUMAN"	NA	NA	NA	277.257021350085	NA	NA
"1/sp|Q15392|DHC24_HUMAN"	"HUMAN"	504.73333155951	523.649473039969	499.006797510655	476.51826461365	494.688329609471	481.621733736019
"1/sp|Q15393|SF3B3_HUMAN"	"HUMAN"	1248.97298442258	1378.99430305954	1307.17137290884	1336.69141799702	1277.027228987	1324.94810842387
"1/sp|Q15428|SF3A2_HUMAN"	"HUMAN"	445.802757945688	198.321517380093	348.485009676932	425.443025404543	374.493499488709	360.090756695462
"1/sp|Q15436|SC23A_HUMAN"	"HUMAN"	530.181207080667	386.917320140015	365.065992216977	477.250384505727	453.432633375767	375.918620166034
"1/sp|Q15437|SC23B_HUMAN"	"HUMAN"	NA	NA	NA	88.7023715031526	94.5708382522013	94.4007614666347
"1/sp|Q15459|SF3A1_HUMAN"	"HUMAN"	705.440646253672	717.533478150832	700.295459434953	677.732039776777	681.42350669325	663.618395582729
"1/sp|Q15599|NHRF2_HUMAN"	"HUMAN"	NA	NA	205.459785571209	223.826268309049	162.168367748498	231.917393869088
"1/sp|Q15631|TSN_HUMAN"	"HUMAN"	NA	255.761353499348	NA	NA	NA	328.825804860984
"1/sp|Q15637|SF01_HUMAN"	"HUMAN"	465.398539911895	536.137396087963	701.30163369612	523.545160457406	531.088541574316	532.858263141045
"1/sp|Q15645|PCH2_HUMAN"	"HUMAN"	870.365983198733	816.147962329181	876.050240101971	873.916690294897	869.416839168952	912.895599450873
"1/sp|Q15691|MARE1_HUMAN"	"HUMAN"	691.941001566766	627.329459912091	609.906410819463	598.082968160816	666.172296074003	641.921974233258
"1/sp|Q15717|ELAV1_HUMAN"	"HUMAN"	1411.6874290174	1469.6289372048	1338.66178380834	1393.85377766993	1435.85971533756	1405.81533488466
"1/sp|Q15738|NSDHL_HUMAN"	"HUMAN"	740.560325099836	728.900828646642	709.784427306323	719.539988589927	712.355709802531	710.890775230367
"1/sp|Q15758|AAAT_HUMAN"	"HUMAN"	1486.68537189254	1400.89837693879	1360.26820216282	1429.11280944156	1351.77504564898	1332.506206765
"1/sp|Q15785|TOM34_HUMAN"	"HUMAN"	316.956632255238	225.691600613992	312.380616412758	244.97242783704	404.120614341141	301.689064501365
"1/sp|Q16181|SEPT7_HUMAN"	"HUMAN"	516.925142275792	528.706806322193	516.233297525273	497.161251685898	478.961827204741	476.291029456937
"1/sp|Q16186|ADRM1_HUMAN"	"HUMAN"	325.514245704454	343.339662131379	339.651386450425	328.462900165602	199.680105568414	358.215195729389
"1/sp|Q16401|PSMD5_HUMAN"	"HUMAN"	1016.63691703272	1046.83936231555	979.901067806983	1424.97909995966	1425.25568719538	1563.59310891905
"1/sp|Q16527|CSRP2_HUMAN"	"HUMAN"	477.436691983863	487.300126975816	467.860880271399	519.314815219595	495.429659887719	527.586591697505
"1/sp|Q16531|DDB1_HUMAN"	"HUMAN"	1623.56088307677	1525.62375379962	1560.0150015835	1606.89352216622	1594.81498256876	1577.440873313
"1/sp|Q16543|CDC37_HUMAN"	"HUMAN"	734.153742034484	716.481335750331	716.525312570086	699.797282172773	613.915282849065	795.856522583365
"1/sp|Q16555|DPYL2_HUMAN"	"HUMAN"	895.237549392143	834.428835861657	943.849810146966	797.506430462655	740.527754883484	761.089129609943
"1/sp|Q16576|RBBP7_HUMAN"	"HUMAN"	491.277321818646	457.774399971964	468.678991776055	424.775059940592	394.593295271601	410.822377285388
"1/sp|Q16629|SRSF7_HUMAN"	"HUMAN"	1308.37554911054	1317.38925309837	1218.41310420166	1368.3936829901	1373.65883878725	1371.32822384748
"1/sp|Q16630|CPSF6_HUMAN"	"HUMAN"	458.148354582948	491.096246471336	517.07205784082	493.325646370741	578.751921498243	634.254224050819
"1/sp|Q16643|DREB_HUMAN"	"HUMAN"	235.813635460308	229.784182169282	323.549632156424	309.58364530937	240.969326371201	347.587345141578
"1/sp|Q16658|FSCN1_HUMAN"	"HUMAN"	2036.23000590021	2017.20387097828	2007.07618926753	2201.43375838288	2124.32629237067	2208.93949156008
"1/sp|Q16666|IF16_HUMAN"	"HUMAN"	129.68851451251	NA	120.131108774915	NA	114.243481244172	108.325265775258
"1/sp|Q16698|DECR_HUMAN"	"HUMAN"	686.94117219018	583.669123565852	664.874802711139	619.192006754092	719.940578687972	688.819616287567
"1/sp|Q16719|KYNU_HUMAN"	"HUMAN"	2347.86974326907	2358.22481394592	2396.54683235309	2266.25816851002	2225.56702179675	2325.93615633956
"1/sp|Q16740|CLPP_HUMAN"	"HUMAN"	154.781974133705	124.404325205199	NA	171.358533884272	179.111888402092	163.776703726096
"1/sp|Q16795|NDUA9_HUMAN"	"HUMAN"	420.522468791393	293.963827169288	419.513528524083	354.395264661829	341.823459267623	336.201587544084
"1/sp|Q16822|PCKGM_HUMAN"	"HUMAN"	595.452392526855	582.857845877076	552.354137701912	599.307922822083	590.046876503989	530.514398203307
"1/sp|Q16836|HCDH_HUMAN"	"HUMAN"	1301.23578152687	1368.82718115785	1383.318736477	1350.71940760977	1229.36365170788	1342.0160747066
"1/sp|Q16881|TRXR1_HUMAN"	"HUMAN"	2031.2372244084	2125.99715490685	2005.50116847277	1952.13582137195	1875.10152182644	1907.55872771086
"1/sp|Q16890|TPD53_HUMAN"	"HUMAN"	89.4103530840199	NA	NA	NA	89.8704618932755	NA
"1/sp|Q16891|IMMT_HUMAN"	"HUMAN"	760.618686811699	801.277693649555	816.551676757186	775.652846823153	870.403883280018	873.067736307474
"1/sp|Q1KMD3|HNRL2_HUMAN"	"HUMAN"	1300.45813649413	1366.24355528861	1312.19409802932	1306.61303129208	1338.51211227908	1368.69470668291
"1/sp|Q29RF7|PDS5A_HUMAN"	"HUMAN"	113.138611888618	185.244820874777	NA	88.1762707847097	103.286809722966	98.2641699754633
"1/sp|Q2M7R5|YIBT_ECOLI"	"ECOLI"	57.5068759235928	83.0674237318166	NA	528.767759283019	524.963643690275	480.580223606639
"1/sp|Q2NL82|TSR1_HUMAN"	"HUMAN"	193.529287800314	1074.29286044992	208.387804329673	226.37437072307	160.326936697861	221.834097631561
"1/sp|Q2TAY7|SMU1_HUMAN"	"HUMAN"	753.283530044655	890.798702455039	880.068236224532	900.308744046255	869.991390410475	842.703417703547
"1/sp|Q32P28|P3H1_HUMAN"	"HUMAN"	551.747378736898	581.771480822778	610.085218001997	599.409238431427	584.141541178761	594.543348669417
"1/sp|Q3MHD2|LSM12_HUMAN"	"HUMAN"	NA	NA	NA	94.9434625865574	NA	117.848042870964
"1/sp|Q3ZCQ8|TIM50_HUMAN"	"HUMAN"	331.519193665804	356.200789081438	299.316357889459	478.4665629854	291.497727859856	333.845696147025
"1/sp|Q46811|YGFK_ECOLI"	"ECOLI"	NA	NA	NA	236.454916522361	220.798415967509	233.892089304298
"1/sp|Q46814|XDHD_ECOLI"	"ECOLI"	NA	NA	NA	55.7457100509079	NA	NA
"1/sp|Q46829|BGLA_ECOLI"	"ECOLI"	NA	NA	NA	323.465428897318	379.232210092391	414.627066211755
"1/sp|Q46845|YGHU_ECOLI"	"ECOLI"	NA	238.191312553481	305.370633990024	686.068108096958	323.78012930607	758.785404759559
"1/sp|Q46851|GPR_ECOLI"	"ECOLI"	NA	NA	99.2131917138686	466.763861087463	455.582917646139	485.965492645691
"1/sp|Q46856|YQHD_ECOLI"	"ECOLI"	NA	NA	NA	380.520439694899	393.315048705185	480.893144296506
"1/sp|Q46857|DKGA_ECOLI"	"ECOLI"	170.463123549662	150.688049937052	115.21671909762	1233.98483578386	1136.99927436721	1144.39906774786
"1/sp|Q46868|YQIC_ECOLI"	"ECOLI"	NA	NA	NA	NA	142.501202722411	153.160768309593
"1/sp|Q46948|YAJL_ECOLI"	"ECOLI"	NA	NA	NA	58.3459845927618	NA	NA
"1/sp|Q4G0N4|NAKD2_HUMAN"	"HUMAN"	218.67662413891	230.45947837522	214.020069013257	158.913756576704	223.386695996408	208.292893164679
"1/sp|Q4VC31|CCD58_HUMAN"	"HUMAN"	NA	NA	NA	216.999031842692	219.237021042485	226.15376184021
"1/sp|Q52LJ0|FA98B_HUMAN"	"HUMAN"	NA	NA	133.942093704144	140.115302506514	168.704802311274	168.290505162375
"1/sp|Q53EL6|PDCD4_HUMAN"	"HUMAN"	823.340011660645	815.872960009866	881.776921587781	927.850473019087	891.053452143119	938.186330121384
"1/sp|Q53GQ0|DHB12_HUMAN"	"HUMAN"	186.832316946677	205.642331125757	120.552885786259	200.754920368813	207.389506179242	NA
"1/sp|Q53GS9|SNUT2_HUMAN"	"HUMAN"	360.761762714284	355.340708036423	395.52182872066	426.806238960232	404.044908205933	383.202650453597
"1/sp|Q53H12|AGK_HUMAN"	"HUMAN"	NA	121.746283601234	NA	NA	109.765114882694	126.284142992604
"1/sp|Q59385|COPA_ECOLI"	"ECOLI"	NA	NA	NA	209.021874558007	190.069616871257	226.381104545847
"1/sp|Q5JTH9|RRP12_HUMAN"	"HUMAN"	NA	NA	NA	148.492863727385	NA	NA
"1/sp|Q5JTV8|TOIP1_HUMAN"	"HUMAN"	439.729549831453	436.746738412829	456.345498102941	428.661987180004	477.002547608763	486.581332853785
"1/sp|Q5JVF3|PCID2_HUMAN"	"HUMAN"	300.624165757011	251.886487270646	283.424155144247	288.507761956211	98.5834985077765	249.815680579787
"1/sp|Q5RKV6|EXOS6_HUMAN"	"HUMAN"	250.022747628639	233.187646525589	234.182345541943	270.352370637987	250.141392991777	231.44443428605
"1/sp|Q5SSJ5|HP1B3_HUMAN"	"HUMAN"	896.907978877463	905.317274050923	860.476454192993	842.05982159318	814.529980758779	830.167349389146
"1/sp|Q5T4S7|UBR4_HUMAN"	"HUMAN"	NA	NA	NA	NA	160.593813032846	127.387333974009
"1/sp|Q5T6V5|CI064_HUMAN"	"HUMAN"	NA	NA	NA	223.923641052735	NA	NA
"1/sp|Q5VYK3|ECM29_HUMAN"	"HUMAN"	437.026606519641	284.448924340593	302.615251633228	263.111098524452	338.714992945569	205.469887811187
"1/sp|Q6DD88|ATLA3_HUMAN"	"HUMAN"	198.945977543505	172.879463917766	169.033550856559	162.050551812686	168.408973801906	251.917938992417
"1/sp|Q6IBS0|TWF2_HUMAN"	"HUMAN"	591.658122584365	492.579925070656	490.705889378804	529.917134729829	583.359857687429	584.014057126734
"1/sp|Q6NUK1|SCMC1_HUMAN"	"HUMAN"	618.957460429447	606.509673981264	551.367382421673	660.134897149037	611.386935845285	664.187338266825
"1/sp|Q6NUQ4|TM214_HUMAN"	"HUMAN"	185.097615414156	231.104045035945	NA	244.690574608386	NA	NA
"1/sp|Q6NVY1|HIBCH_HUMAN"	"HUMAN"	NA	138.36007118916	NA	185.890883738248	159.417218091029	164.465228446063
"1/sp|Q6NZI2|PTRF_HUMAN"	"HUMAN"	501.720452761008	456.169731872401	508.201616654181	607.769779103497	590.749675914405	590.370866051896
"1/sp|Q6P1A2|MBOA5_HUMAN"	"HUMAN"	248.473337231925	NA	NA	NA	NA	NA
"1/sp|Q6P2Q9|PRP8_HUMAN"	"HUMAN"	999.888107854886	1043.47898747966	1035.96783905228	1017.40678234823	1039.12152387326	1060.16308666448
"1/sp|Q6PKG0|LARP1_HUMAN"	"HUMAN"	414.853276539252	498.848898875286	473.417437991375	501.203334479567	491.051249960548	442.556720475587
"1/sp|Q6UB35|C1TM_HUMAN"	"HUMAN"	NA	NA	NA	NA	523.104103604964	445.403944668653
"1/sp|Q6UW68|TM205_HUMAN"	"HUMAN"	262.094985180534	NA	402.589977119482	NA	NA	NA
"1/sp|Q6YN16|HSDL2_HUMAN"	"HUMAN"	540.118999222021	521.470705317413	553.538520910679	548.667678671503	513.966629358673	542.097304532361
"1/sp|Q7KZF4|SND1_HUMAN"	"HUMAN"	1652.20688356906	1771.9173766286	1724.80232123317	1891.91967951869	1791.8757744723	1881.135450698
"1/sp|Q7L014|DDX46_HUMAN"	"HUMAN"	656.262492741393	1040.87446990237	831.122639995902	815.798800163134	783.617510293345	759.829949494951
"1/sp|Q7L0Y3|MRRP1_HUMAN"	"HUMAN"	218.657424934487	584.765711284175	402.432341279206	237.882141671417	NA	NA
"1/sp|Q7L1Q6|BZW1_HUMAN"	"HUMAN"	2131.9184422421	2140.3968243656	2189.04773268051	2117.19526284922	2126.70657932065	2053.87718580913
"1/sp|Q7L2E3|DHX30_HUMAN"	"HUMAN"	272.324406810381	202.938661393112	288.385809656717	277.03573915982	300.325227118513	341.295676057702
"1/sp|Q7L2H7|EIF3M_HUMAN"	"HUMAN"	467.529449844454	447.884133643508	490.632338992237	418.936677273786	440.350151840499	447.38343393613
"1/sp|Q7L576|CYFP1_HUMAN"	"HUMAN"	142.221231250533	NA	181.737263804129	188.352893967534	NA	180.133430486178
"1/sp|Q7L5N1|CSN6_HUMAN"	"HUMAN"	132.574827299148	NA	111.170636833728	NA	80.5703287682681	79.7980939067337
"1/sp|Q7LBR1|CHM1B_HUMAN"	"HUMAN"	NA	NA	343.358363063664	NA	NA	NA
"1/sp|Q7Z2K6|ERMP1_HUMAN"	"HUMAN"	289.297306025678	281.333805666331	325.77070542725	326.125710687993	365.957525171166	309.946507167749
"1/sp|Q7Z2W4|ZCCHV_HUMAN"	"HUMAN"	275.624954807646	134.529099933013	262.873498124886	290.654439053042	NA	161.369264564815
"1/sp|Q7Z3B4|NUP54_HUMAN"	"HUMAN"	NA	184.547623684748	NA	191.495902527092	189.364788890722	196.892965584836
"1/sp|Q7Z5L9|I2BP2_HUMAN"	"HUMAN"	363.454477989242	NA	NA	310.167710894864	NA	NA
"1/sp|Q7Z6Z7|HUWE1_HUMAN"	"HUMAN"	661.373853025824	662.798522228184	664.774302551226	520.010034905655	496.607748087803	563.774247918634
"1/sp|Q86U42|PABP2_HUMAN"	"HUMAN"	NA	NA	NA	283.966181701897	NA	NA
"1/sp|Q86UE4|LYRIC_HUMAN"	"HUMAN"	397.058490111865	292.088850518354	335.214134457624	369.891847547766	326.151570292593	325.143343514367
"1/sp|Q86UP2|KTN1_HUMAN"	"HUMAN"	471.453278331783	500.799654960749	546.906440660408	454.861231525544	448.329498063345	919.031467100928
"1/sp|Q86V81|THOC4_HUMAN"	"HUMAN"	1158.97285573107	1164.25821511939	1111.89380931543	1281.39869192827	1253.95572010994	1271.18877266621
"1/sp|Q86VP6|CAND1_HUMAN"	"HUMAN"	1035.45751240946	905.426688840443	981.280105101623	927.778995504903	982.606124463631	952.984314694054
"1/sp|Q86X55|CARM1_HUMAN"	"HUMAN"	187.365720714441	177.515632231078	202.307605214196	211.819242447659	184.338860186784	207.447264883954
"1/sp|Q86XP3|DDX42_HUMAN"	"HUMAN"	291.352925853389	378.686718600268	401.100596084722	209.729493839477	280.444993553312	301.789946931534
"1/sp|Q8IUE6|H2A2B_HUMAN"	"HUMAN"	261.583940422905	413.145012905529	NA	NA	787.896603870199	661.741520313078
"1/sp|Q8IV08|PLD3_HUMAN"	"HUMAN"	457.369301513489	466.112360146601	447.665711357376	406.964986528981	440.4740436405	450.942512603041
"1/sp|Q8IVL6|P3H3_HUMAN"	"HUMAN"	422.622480020416	75.5338743654706	561.472498507718	551.049402173851	458.297999709569	NA
"1/sp|Q8IWX8|CHERP_HUMAN"	"HUMAN"	NA	NA	NA	NA	NA	94.3738299065679
"1/sp|Q8IX12|CCAR1_HUMAN"	"HUMAN"	363.662493427787	NA	NA	290.33058022098	304.705167015148	276.106661795461
"1/sp|Q8IXB1|DJC10_HUMAN"	"HUMAN"	83.7475492748604	NA	97.1078402451274	103.692711384842	100.620790669615	97.3965169691317
"1/sp|Q8IY67|RAVR1_HUMAN"	"HUMAN"	NA	NA	NA	NA	NA	53.7308715008087
"1/sp|Q8IY81|SPB1_HUMAN"	"HUMAN"	524.251164148226	235.582414023538	291.321225905707	450.52270845142	510.903179106243	347.645313829736
"1/sp|Q8IYB3|SRRM1_HUMAN"	"HUMAN"	124.477200010668	134.99336238018	147.200223645041	163.212418708284	167.143381914032	119.743419792042
"1/sp|Q8IZL8|PELP1_HUMAN"	"HUMAN"	289.471845924923	260.039807676307	316.394421755306	336.28411128696	212.504752554207	198.643109969987
"1/sp|Q8N142|PURA1_HUMAN"	"HUMAN"	105.212259195599	97.6350301491933	81.7331016706718	103.36996927047	111.868631148749	136.292173207645
"1/sp|Q8N163|CCAR2_HUMAN"	"HUMAN"	914.589728447206	751.122960742899	895.633704482244	915.658118355299	795.214387683066	746.085950782951
"1/sp|Q8N183|MIMIT_HUMAN"	"HUMAN"	NA	324.800682083604	NA	369.695852436197	NA	NA
"1/sp|Q8N1F7|NUP93_HUMAN"	"HUMAN"	743.728479910024	668.18523787427	806.667620854916	697.453895232707	721.320499977353	729.48519727184
"1/sp|Q8N1G4|LRC47_HUMAN"	"HUMAN"	828.737758032219	836.08904185928	875.599284985049	809.875723718763	836.110148837661	841.854893463495
"1/sp|Q8N3U4|STAG2_HUMAN"	"HUMAN"	168.404265821303	153.326734617933	NA	NA	206.35580205895	201.160911887301
"1/sp|Q8N5K1|CISD2_HUMAN"	"HUMAN"	276.866370551605	240.248053715109	NA	NA	NA	NA
"1/sp|Q8N5M9|JAGN1_HUMAN"	"HUMAN"	NA	NA	NA	115.664977321527	125.914993455623	NA
"1/sp|Q8N684|CPSF7_HUMAN"	"HUMAN"	454.531930499748	270.477063574315	466.080399162771	477.133517139256	474.741221031647	529.36388784566
"1/sp|Q8N726|CD2A2_HUMAN"	"HUMAN"	NA	315.334219631184	329.359641032891	NA	NA	317.082266426867
"1/sp|Q8N766|EMC1_HUMAN"	"HUMAN"	108.322233396461	126.125650047025	135.457959756473	171.763269320906	94.6467926156082	126.275201573866
"1/sp|Q8NBJ5|GT251_HUMAN"	"HUMAN"	1585.5193095269	1673.23164082635	1615.22951395627	2143.44434293998	1954.58155633085	2075.77945061002
"1/sp|Q8NBJ7|SUMF2_HUMAN"	"HUMAN"	370.167383358373	386.255592060363	392.858586942798	412.553474196169	434.525304921603	440.616435740233
"1/sp|Q8NBS9|TXND5_HUMAN"	"HUMAN"	556.83733055454	562.131963438485	584.943258429761	656.537580259068	604.325903999749	609.517696822379
"1/sp|Q8NBX0|SCPDL_HUMAN"	"HUMAN"	NA	NA	136.415600344866	NA	NA	NA
"1/sp|Q8NC51|PAIRB_HUMAN"	"HUMAN"	1793.05557764194	1800.29840922295	1755.39152720075	1928.24331791202	1799.9481113537	1798.68454424555
"1/sp|Q8NCA5|FA98A_HUMAN"	"HUMAN"	NA	NA	NA	NA	152.371161556462	146.424656985027
"1/sp|Q8NCW5|NNRE_HUMAN"	"HUMAN"	288.037968000513	376.226022383107	398.129442257962	279.842714602157	300.889821823529	327.47664698653
"1/sp|Q8NE71|ABCF1_HUMAN"	"HUMAN"	323.623104572988	348.826853691447	392.312798674416	668.95549313111	351.465320493901	642.184313536362
"1/sp|Q8NE86|MCU_HUMAN"	"HUMAN"	NA	NA	NA	227.335789230899	NA	NA
"1/sp|Q8NF37|PCAT1_HUMAN"	"HUMAN"	290.600690188832	293.328127310613	275.995016766405	263.880456174846	272.869568743717	281.351683406704
"1/sp|Q8NFH3|NUP43_HUMAN"	"HUMAN"	158.401269134302	152.578285937945	NA	353.269760818066	261.58952025756	328.920029279472
"1/sp|Q8NFH4|NUP37_HUMAN"	"HUMAN"	NA	NA	NA	95.9569747532173	NA	NA
"1/sp|Q8NI27|THOC2_HUMAN"	"HUMAN"	234.892064952192	NA	91.0150815389339	97.6786472845766	121.32151089428	84.0406060982481
"1/sp|Q8NI36|WDR36_HUMAN"	"HUMAN"	774.241314840855	626.606451861113	727.474071934479	529.445550821592	508.700288430027	535.36679234093
"1/sp|Q8TAT6|NPL4_HUMAN"	"HUMAN"	169.958365547575	180.381317702159	147.127568014613	146.873815355553	62.102957377748	66.0480437698606
"1/sp|Q8TBC4|UBA3_HUMAN"	"HUMAN"	246.970712290356	246.559191718291	NA	209.902816636066	377.462567457326	266.189253759365
"1/sp|Q8TC12|RDH11_HUMAN"	"HUMAN"	NA	725.293137004869	339.578491198417	NA	735.106880391866	632.151599368637
"1/sp|Q8TCJ2|STT3B_HUMAN"	"HUMAN"	308.344691281634	230.308157997327	303.667208416774	325.06590294281	284.324741610525	290.439396143455
"1/sp|Q8TCS8|PNPT1_HUMAN"	"HUMAN"	NA	252.513389891552	212.870329555323	249.016187257656	221.940275601623	269.976769331547
"1/sp|Q8TCT9|HM13_HUMAN"	"HUMAN"	1082.69483607037	916.884703544467	1055.34638542128	979.017799224512	422.497002620039	949.190643303745
"1/sp|Q8TDN6|BRX1_HUMAN"	"HUMAN"	400.436128153263	595.454653632053	515.175354258772	455.976779027537	522.335304506539	550.346995792426
"1/sp|Q8TED1|GPX8_HUMAN"	"HUMAN"	293.829884440698	NA	255.329440721056	NA	NA	NA
"1/sp|Q8TEM1|PO210_HUMAN"	"HUMAN"	816.176582557217	648.008716674175	846.759980982863	711.442860388112	677.679301553084	812.779870688664
"1/sp|Q8TEQ6|GEMI5_HUMAN"	"HUMAN"	257.003601934982	233.150663373606	NA	NA	NA	NA
"1/sp|Q8WTT2|NOC3L_HUMAN"	"HUMAN"	NA	NA	83.8661521347257	NA	70.120575199415	NA
"1/sp|Q8WUM0|NU133_HUMAN"	"HUMAN"	NA	184.362529108801	NA	NA	NA	NA
"1/sp|Q8WUM4|PDC6I_HUMAN"	"HUMAN"	866.154617362924	858.860138634897	815.566351338717	880.580465677842	850.240986307192	858.008306071372
"1/sp|Q8WUY1|THEM6_HUMAN"	"HUMAN"	NA	NA	NA	263.536996445228	268.363160897151	305.772684276208
"1/sp|Q8WVJ2|NUDC2_HUMAN"	"HUMAN"	342.970106766833	326.248153199232	365.083575304964	369.259676018379	321.029711864499	NA
"1/sp|Q8WVY7|UBCP1_HUMAN"	"HUMAN"	NA	104.576759268178	NA	101.431466411514	115.153158981372	NA
"1/sp|Q8WW12|PCNP_HUMAN"	"HUMAN"	334.056001407436	306.334298103867	299.624803811306	273.060094254405	296.599196805873	314.682700188118
"1/sp|Q8WWI1|LMO7_HUMAN"	"HUMAN"	NA	NA	273.463870808292	382.289141955566	231.03510098958	NA
"1/sp|Q8WWM7|ATX2L_HUMAN"	"HUMAN"	NA	188.203714557612	NA	NA	NA	275.419952334336
"1/sp|Q8WWY3|PRP31_HUMAN"	"HUMAN"	NA	218.815899672418	NA	508.279816597378	216.078587920257	223.787238820313
"1/sp|Q8WX93|PALLD_HUMAN"	"HUMAN"	261.098879042528	NA	156.743090667079	158.010619437919	157.81127426385	159.816378792297
"1/sp|Q8WXF1|PSPC1_HUMAN"	"HUMAN"	125.119865587549	128.790915430969	118.250384625608	107.460540280826	83.4357381256405	155.972876971424
"1/sp|Q8WXX5|DNJC9_HUMAN"	"HUMAN"	187.998139615261	215.316286175927	NA	200.558846220749	NA	NA
"1/sp|Q8WYA6|CTBL1_HUMAN"	"HUMAN"	342.761313537982	274.725986511326	338.635455498867	306.09921095489	274.184472633227	265.156064725865
"1/sp|Q8WZA0|LZIC_HUMAN"	"HUMAN"	NA	NA	NA	237.072442968821	197.609468515379	253.651478712064
"1/sp|Q92466|DDB2_HUMAN"	"HUMAN"	377.167618266428	425.808664688355	447.591325555194	395.026195778393	449.266246071742	416.930832788967
"1/sp|Q92499|DDX1_HUMAN"	"HUMAN"	1071.6784662334	1141.67743175213	1065.65542520207	1093.89543992602	1128.48751804424	1133.67260188751
"1/sp|Q92522|H1X_HUMAN"	"HUMAN"	723.770209118289	700.704566430328	676.501553154795	698.927637393984	676.610222565692	643.177783318099
"1/sp|Q92542|NICA_HUMAN"	"HUMAN"	323.055321090322	367.904321176801	341.258010692607	426.971470980696	382.238331988995	388.724548428305
"1/sp|Q92544|TM9S4_HUMAN"	"HUMAN"	330.187850846631	NA	NA	346.474160920382	341.177076324559	346.410730076286
"1/sp|Q92552|RT27_HUMAN"	"HUMAN"	242.741814803151	225.082322703619	228.89959996059	199.658355273565	234.128525551267	204.790872478024
"1/sp|Q92597|NDRG1_HUMAN"	"HUMAN"	209.67318085109	NA	249.353927251046	228.714917796386	237.1676775966	207.289751898163
"1/sp|Q92598|HS105_HUMAN"	"HUMAN"	603.877908527092	600.356006119372	608.229181376953	599.330035785629	648.483131170819	598.900299904939
"1/sp|Q92616|GCN1L_HUMAN"	"HUMAN"	835.472898120653	799.957942715472	866.415058931935	806.20142985734	831.695879585766	813.673494396075
"1/sp|Q92621|NU205_HUMAN"	"HUMAN"	238.377001392745	220.122736732799	252.553697534742	256.932560606959	244.746257849161	223.648854482154
"1/sp|Q92688|AN32B_HUMAN"	"HUMAN"	2663.47447304685	2741.35052995916	2634.87799171708	2552.81844753199	2455.92340019394	2538.72843613403
"1/sp|Q92734|TFG_HUMAN"	"HUMAN"	NA	NA	NA	854.728953630232	NA	NA
"1/sp|Q92769|HDAC2_HUMAN"	"HUMAN"	162.637559040571	156.611781788398	139.767634116884	158.977451271327	163.917490244965	NA
"1/sp|Q92804|RBP56_HUMAN"	"HUMAN"	122.412115972309	166.892930587575	115.663482958955	171.201768257605	173.960727863487	87.8230499704943
"1/sp|Q92820|GGH_HUMAN"	"HUMAN"	535.781814881465	533.550510351796	537.861120059766	554.584763142048	498.964469457238	530.027526053499
"1/sp|Q92841|DDX17_HUMAN"	"HUMAN"	1062.7640021581	1081.01736334467	1015.17865006833	1049.24274673951	1057.66859765442	1068.36349674845
"1/sp|Q92878|RAD50_HUMAN"	"HUMAN"	379.662205253241	402.852835528956	353.925124307539	357.634936527	1010.67352518946	1085.53554878076
"1/sp|Q92879|CELF1_HUMAN"	"HUMAN"	613.321121885801	621.149249737571	611.698533727239	493.840765877546	598.8179087668	605.593783736636
"1/sp|Q92890|UFD1_HUMAN"	"HUMAN"	NA	NA	NA	883.319078048142	NA	NA
"1/sp|Q92896|GSLG1_HUMAN"	"HUMAN"	117.698657244248	133.470579212207	141.663275677554	212.102094003859	165.847307979357	159.163505173218
"1/sp|Q92900|RENT1_HUMAN"	"HUMAN"	665.717707378202	254.364787084174	486.537821945936	468.894220107597	628.534988152768	404.890657824737
"1/sp|Q92905|CSN5_HUMAN"	"HUMAN"	92.4607804327393	109.530683651376	108.893718418539	115.685821405293	119.170106683367	120.952438352377
"1/sp|Q92945|FUBP2_HUMAN"	"HUMAN"	1479.73336010203	1525.26820247732	1440.37297815441	1439.35477281153	1474.45194197948	1464.98969058472
"1/sp|Q92947|GCDH_HUMAN"	"HUMAN"	NA	NA	362.650413354433	411.609173460243	344.247871495472	323.751553136109
"1/sp|Q92973|TNPO1_HUMAN"	"HUMAN"	634.726078638051	626.606341773893	619.346363543964	640.34914105308	655.472250942964	610.247566177316
"1/sp|Q92979|NEP1_HUMAN"	"HUMAN"	274.959084025026	357.300687701661	349.072060224314	336.358221689136	360.739857254006	371.506835477008
"1/sp|Q93009|UBP7_HUMAN"	"HUMAN"	97.3714661921989	210.120536476611	167.823731460242	218.252004744748	202.185859473903	230.748256324443
"1/sp|Q969H8|CS010_HUMAN"	"HUMAN"	729.713411854189	681.580239635285	697.291777592468	603.157728632456	660.382248924663	622.751869001319
"1/sp|Q969N2|PIGT_HUMAN"	"HUMAN"	NA	NA	131.571543028725	NA	NA	326.178270542151
"1/sp|Q969S3|ZN622_HUMAN"	"HUMAN"	NA	112.926111869913	NA	NA	NA	NA
"1/sp|Q969V3|NCLN_HUMAN"	"HUMAN"	119.317023454772	116.034854839905	306.644703105594	132.688097460204	326.694562420281	324.888580328495
"1/sp|Q969X5|ERGI1_HUMAN"	"HUMAN"	883.932590689981	879.37089530065	928.964864118996	950.673118673461	927.993740462712	986.883512343012
"1/sp|Q969X6|CIR1A_HUMAN"	"HUMAN"	NA	NA	NA	146.312320492091	NA	153.839400644478
"1/sp|Q969Z0|TBRG4_HUMAN"	"HUMAN"	NA	168.196878511787	NA	152.55033120991	145.299070967723	167.375363440383
"1/sp|Q96AC1|FERM2_HUMAN"	"HUMAN"	278.554071913845	203.818681259535	322.454403966269	287.32276074611	165.033808475705	276.130464861061
"1/sp|Q96AE4|FUBP1_HUMAN"	"HUMAN"	1976.58259604605	1926.11575471134	1982.458858634	2002.33795330207	2018.22599025891	2044.60199736069
"1/sp|Q96AG4|LRC59_HUMAN"	"HUMAN"	2471.39606324742	2448.09978266984	2399.96146782527	2360.04337978152	2340.61379977085	2467.94942631229
"1/sp|Q96AY3|FKB10_HUMAN"	"HUMAN"	1645.46655874919	1661.98262418765	1626.91177571526	1576.65673680879	1479.46779242879	1559.86927781132
"1/sp|Q96C19|EFHD2_HUMAN"	"HUMAN"	369.25358242641	323.825604717314	349.724718302216	376.425544088585	407.644924285177	406.690360632727
"1/sp|Q96C36|P5CR2_HUMAN"	"HUMAN"	287.03218673819	302.577162887056	328.214433568397	262.782332323861	271.465375957231	250.732121922605
"1/sp|Q96CP2|FWCH2_HUMAN"	"HUMAN"	184.605825409797	177.305705482677	NA	182.8901557247	179.889071142327	181.847087404384
"1/sp|Q96CS3|FAF2_HUMAN"	"HUMAN"	429.419097421925	402.909455941015	432.103329734339	299.862001489572	74.2220056307577	92.0842214257184
"1/sp|Q96CT7|CC124_HUMAN"	"HUMAN"	187.483193165184	198.366443907458	190.727127292441	215.092443809672	203.021581355033	221.157905341811
"1/sp|Q96CW1|AP2M1_HUMAN"	"HUMAN"	367.439056204998	456.787465926897	450.809435673087	400.098602595419	306.934021859764	431.05188301635
"1/sp|Q96CX2|KCD12_HUMAN"	"HUMAN"	NA	NA	NA	NA	253.083687586998	285.655741797872
"1/sp|Q96DG6|CMBL_HUMAN"	"HUMAN"	538.053688960244	500.165669604273	613.133477298917	668.468160781099	627.442614850097	686.329000219929
"1/sp|Q96DI7|SNR40_HUMAN"	"HUMAN"	330.616057337413	333.628516574454	379.554822592318	302.369873527382	308.627762481117	303.179532201717
"1/sp|Q96E11|RRFM_HUMAN"	"HUMAN"	NA	257.877897762166	237.356684563468	185.630140066589	253.427755535913	NA
"1/sp|Q96EE3|SEH1_HUMAN"	"HUMAN"	132.153186228718	121.526843519534	133.353012896267	132.126908925979	116.611954176114	NA
"1/sp|Q96EP5|DAZP1_HUMAN"	"HUMAN"	487.072144490468	434.253611884945	534.914892503076	531.194834780834	490.55218570563	568.876486469417
"1/sp|Q96EY1|DNJA3_HUMAN"	"HUMAN"	NA	470.35340482121	NA	459.403985332043	473.977629722732	NA
"1/sp|Q96FQ6|S10AG_HUMAN"	"HUMAN"	284.056811169992	258.919108467853	246.115528419909	310.566079227292	329.158761663277	305.709019759304
"1/sp|Q96FW1|OTUB1_HUMAN"	"HUMAN"	583.73143979441	626.272251590222	606.052293763753	565.212755865153	346.230176457209	614.746900240882
"1/sp|Q96G23|CERS2_HUMAN"	"HUMAN"	226.5307805258	189.822537836868	214.150326842496	NA	173.878443791436	182.853005133116
"1/sp|Q96HC4|PDLI5_HUMAN"	"HUMAN"	284.691042617573	328.630492344419	277.51758768545	307.074498936874	271.576959181043	273.865981605681
"1/sp|Q96HE7|ERO1A_HUMAN"	"HUMAN"	440.510068661972	438.753294874096	442.226805978349	412.706226342271	393.632389441754	325.986993786722
"1/sp|Q96I24|FUBP3_HUMAN"	"HUMAN"	1002.95442351605	1009.76143263543	1041.0544294743	1042.54740827184	1059.09416155908	728.176404652671
"1/sp|Q96I99|SUCB2_HUMAN"	"HUMAN"	412.42936023148	456.853771291913	464.81233201478	551.987225459576	607.945753467571	642.239009423687
"1/sp|Q96IU4|ABHEB_HUMAN"	"HUMAN"	218.537605403812	230.243895509503	152.374254750394	229.758328618579	121.806040524304	186.906367450022
"1/sp|Q96IX5|USMG5_HUMAN"	"HUMAN"	82.2356603747359	194.184445863206	247.822374040573	85.3636535979339	86.0778099563098	213.499716854606
"1/sp|Q96KA5|CLP1L_HUMAN"	"HUMAN"	453.213495906459	428.119742665646	456.497743674829	449.174000718675	439.983693250192	418.489509032011
"1/sp|Q96KP4|CNDP2_HUMAN"	"HUMAN"	379.610779454133	366.572564788309	NA	370.282729518373	356.243519322817	353.91752796158
"1/sp|Q96KR1|ZFR_HUMAN"	"HUMAN"	178.396712937842	59.2648694367052	108.154247580034	142.917466847733	172.464853076236	100.741506632167
"1/sp|Q96M27|PRRC1_HUMAN"	"HUMAN"	129.841175460722	90.8834530578422	129.758755344777	197.591494867957	100.328205176502	199.960864850567
"1/sp|Q96N66|MBOA7_HUMAN"	"HUMAN"	334.359140770143	362.278353036356	318.462655707815	392.670086665596	388.264489526009	398.910464072494
"1/sp|Q96P70|IPO9_HUMAN"	"HUMAN"	392.089988970986	346.17841099022	366.891107281891	342.149670510613	483.009866321008	479.488532720626
"1/sp|Q96PK6|RBM14_HUMAN"	"HUMAN"	667.530886839452	666.210754944694	688.284683471166	629.92518241772	653.901205710544	733.985768579645
"1/sp|Q96PZ0|PUS7_HUMAN"	"HUMAN"	284.174440300708	288.129091659362	302.388811720146	300.679798879805	330.011747891253	320.381005041731
"1/sp|Q96Q11|TRNT1_HUMAN"	"HUMAN"	268.802300276535	NA	344.2511477622	282.652755713155	358.506917818876	351.848738558642
"1/sp|Q96QK1|VPS35_HUMAN"	"HUMAN"	1173.16221576788	1071.66911730086	1090.29220249662	1075.92964244115	1117.46435168699	1093.17443509567
"1/sp|Q96RP9|EFGM_HUMAN"	"HUMAN"	513.893247493897	475.425490154845	649.932445437304	325.046525678432	601.370677210975	468.736203197466
"1/sp|Q96RS6|NUDC1_HUMAN"	"HUMAN"	155.187167713317	163.044626436965	151.520206851865	165.111371771389	159.275205214618	301.364286999962
"1/sp|Q96S52|PIGS_HUMAN"	"HUMAN"	NA	NA	NA	NA	101.081473313233	107.686152907813
"1/sp|Q96TA1|NIBL1_HUMAN"	"HUMAN"	1084.34015990269	1059.52349886948	983.110262328891	928.207546401808	949.831276367081	934.636844055564
"1/sp|Q99426|TBCB_HUMAN"	"HUMAN"	123.202224143694	117.911448010944	248.059875511014	256.071149567374	246.161330382876	207.711920092758
"1/sp|Q99436|PSB7_HUMAN"	"HUMAN"	963.022236371876	439.317057796912	423.102683488819	695.913035334011	1291.63217349368	1116.72093943274
"1/sp|Q99439|CNN2_HUMAN"	"HUMAN"	304.391404194144	411.721723088236	167.949828449414	179.525497095922	203.883819276076	316.612381227533
"1/sp|Q99459|CDC5L_HUMAN"	"HUMAN"	187.51379463294	332.75004219951	230.165517647679	473.439080841221	348.655419873328	308.293992917516
"1/sp|Q99460|PSMD1_HUMAN"	"HUMAN"	595.214444423202	679.747021651648	640.747214562241	733.505765341519	564.547868700473	673.842468522812
"1/sp|Q99471|PFD5_HUMAN"	"HUMAN"	411.727580018187	367.948990115259	375.331956027754	322.806714697018	352.90242099583	365.13387903145
"1/sp|Q99497|PARK7_HUMAN"	"HUMAN"	4081.27801727907	4088.63536647287	3758.46546332348	4308.46115846174	4231.69811578727	4408.95991588006
"1/sp|Q99536|VAT1_HUMAN"	"HUMAN"	1413.53753239225	1412.64476863591	1418.82692456891	1417.70984482595	1437.58810413655	1491.06430398133
"1/sp|Q99567|NUP88_HUMAN"	"HUMAN"	NA	NA	NA	175.510315376348	NA	NA
"1/sp|Q99584|S10AD_HUMAN"	"HUMAN"	489.791194981482	435.147163384943	426.706985740301	NA	472.440381974477	423.531790360048
"1/sp|Q99598|TSNAX_HUMAN"	"HUMAN"	125.684875336035	108.409737139571	NA	125.511360839591	NA	131.409783899359
"1/sp|Q99615|DNJC7_HUMAN"	"HUMAN"	269.705946901632	229.73943802623	205.742120687119	222.482281423644	185.226568719745	182.29988658991
"1/sp|Q99623|PHB2_HUMAN"	"HUMAN"	2424.78123283145	2406.92596865445	2415.63654880248	2370.55254438136	2225.84417549313	2231.9371756882
"1/sp|Q99627|CSN8_HUMAN"	"HUMAN"	136.853892665783	NA	157.223496688412	126.72764592958	147.765836733648	127.690308229515
"1/sp|Q99643|C560_HUMAN"	"HUMAN"	64.5650106388739	75.2164156380743	NA	NA	NA	NA
"1/sp|Q99714|HCD2_HUMAN"	"HUMAN"	3106.46850385411	3238.82127371022	3252.19339817975	2922.14477601755	2929.80226872992	3000.50201240576
"1/sp|Q99720|SGMR1_HUMAN"	"HUMAN"	NA	NA	NA	NA	203.925601174643	NA
"1/sp|Q99729|ROAA_HUMAN"	"HUMAN"	756.564542514541	933.736522142374	956.119693125726	1074.79314500706	1036.06723952123	1082.20413395111
"1/sp|Q99733|NP1L4_HUMAN"	"HUMAN"	836.358227927737	816.073317530544	858.403780956007	819.618498500949	832.235020323997	853.350803493754
"1/sp|Q99798|ACON_HUMAN"	"HUMAN"	823.820070660744	856.541640242702	911.251094636023	802.715434624357	846.84701354902	841.088872387274
"1/sp|Q99805|TM9S2_HUMAN"	"HUMAN"	540.611002718062	486.790033849319	743.415331035694	505.930764358676	499.424488212999	504.257534178607
"1/sp|Q99829|CPNE1_HUMAN"	"HUMAN"	1380.36254666545	1431.28691139981	1422.37019390854	1435.21467265943	1349.1244601099	1412.61560459689
"1/sp|Q99832|TCPH_HUMAN"	"HUMAN"	1365.23852253094	1292.18155823941	1322.45976652575	1256.5650704324	1279.23730462063	1328.38672357704
"1/sp|Q99848|EBP2_HUMAN"	"HUMAN"	692.337172391474	719.474879704966	765.845903571951	739.573390390889	769.187455122902	795.496653012016
"1/sp|Q99873|ANM1_HUMAN"	"HUMAN"	1017.70052767883	988.82431263404	941.387110560194	1167.82708118153	1141.40989492854	1194.4969493946
"1/sp|Q99961|SH3G1_HUMAN"	"HUMAN"	NA	NA	NA	127.076751293879	108.964411689097	NA
"1/sp|Q9BPW8|NIPS1_HUMAN"	"HUMAN"	318.626912357896	295.272861442379	327.550902919112	300.136002681619	364.023478315989	319.629173234062
"1/sp|Q9BPX3|CND3_HUMAN"	"HUMAN"	361.716156572425	347.922143711478	394.700479246561	NA	NA	331.7829046471
"1/sp|Q9BPX5|ARP5L_HUMAN"	"HUMAN"	464.914919399815	NA	456.643422806326	441.39738558063	462.856469946122	489.802600927202
"1/sp|Q9BQ39|DDX50_HUMAN"	"HUMAN"	NA	NA	NA	62.8054659531624	NA	71.3793823842085
"1/sp|Q9BQ52|RNZ2_HUMAN"	"HUMAN"	193.628957578434	175.050107318595	NA	167.509353070168	212.360981306909	184.61567441424
"1/sp|Q9BQ61|CS043_HUMAN"	"HUMAN"	NA	NA	NA	231.334642956478	NA	204.893155683934
"1/sp|Q9BQ67|GRWD1_HUMAN"	"HUMAN"	795.220558853339	785.693978908235	667.619360195161	793.01653088046	756.509234158981	676.069793095007
"1/sp|Q9BQ69|MACD1_HUMAN"	"HUMAN"	496.078253064745	508.838295991799	520.627368593517	521.98264842587	486.092704500383	530.167896253774
"1/sp|Q9BQE3|TBA1C_HUMAN"	"HUMAN"	1148.65110245151	1043.79402285427	1071.22597426032	1018.22635649611	1024.94456101243	1066.64634345558
"1/sp|Q9BQG0|MBB1A_HUMAN"	"HUMAN"	728.87816618315	802.8353968264	705.79430392433	764.641078122765	782.420375032365	834.689848515593
"1/sp|Q9BR76|COR1B_HUMAN"	"HUMAN"	369.343551471419	324.538868734238	382.963539363361	291.113649797225	349.824075048646	302.309141574187
"1/sp|Q9BRA2|TXD17_HUMAN"	"HUMAN"	363.085114505092	335.404270245583	337.504778963074	354.001355156135	343.178487434839	570.117210512521
"1/sp|Q9BS26|ERP44_HUMAN"	"HUMAN"	851.454519716237	765.18779725391	581.102907809434	740.421773038803	807.669200911145	863.62539752336
"1/sp|Q9BSD7|NTPCR_HUMAN"	"HUMAN"	NA	NA	NA	NA	NA	135.224009601812
"1/sp|Q9BSH4|TACO1_HUMAN"	"HUMAN"	220.682468754308	190.00875466014	222.252781505338	NA	161.399418858888	171.82905199779
"1/sp|Q9BSJ8|ESYT1_HUMAN"	"HUMAN"	562.332298820086	550.967950459751	533.674205347428	539.840788116794	529.102564390599	549.126242678751
"1/sp|Q9BT78|CSN4_HUMAN"	"HUMAN"	401.399780298467	400.707442335093	310.61889320564	415.320784506223	314.874838444056	308.680272996925
"1/sp|Q9BTT0|AN32E_HUMAN"	"HUMAN"	806.365476567092	823.79720643892	832.464480093231	806.580098092597	817.694600100689	812.520879673587
"1/sp|Q9BTV4|TMM43_HUMAN"	"HUMAN"	289.559596703891	300.009684157208	298.314521522025	351.714031806542	317.466856272713	311.961948652536
"1/sp|Q9BTW9|TBCD_HUMAN"	"HUMAN"	NA	112.133413727892	259.669208967314	103.637172070998	377.834952762187	158.45695550868
"1/sp|Q9BUF5|TBB6_HUMAN"	"HUMAN"	932.493051861604	823.020719658848	875.366991790824	750.61090509304	735.768547444204	809.162081225544
"1/sp|Q9BUH6|CI142_HUMAN"	"HUMAN"	NA	NA	NA	NA	NA	162.312732712566
"1/sp|Q9BUJ2|HNRL1_HUMAN"	"HUMAN"	885.996289772055	973.661075481507	882.501419115681	815.766159564075	902.09323726122	774.752690298952
"1/sp|Q9BUL8|PDC10_HUMAN"	"HUMAN"	418.297168908898	425.001818905476	439.80887031297	411.559428189193	560.584935603776	522.429025262895
"1/sp|Q9BUP3|HTAI2_HUMAN"	"HUMAN"	948.47466195434	822.24000398329	870.467856069223	896.021014426263	1069.8239363884	967.654408435256
"1/sp|Q9BUQ8|DDX23_HUMAN"	"HUMAN"	419.610099347756	423.221214003679	521.084918749716	585.985011653494	616.657851696644	587.853074155731
"1/sp|Q9BV20|MTNA_HUMAN"	"HUMAN"	124.0048570943	436.199315659502	431.107791480934	289.237992414608	378.383188156183	347.840254392492
"1/sp|Q9BV38|WDR18_HUMAN"	"HUMAN"	213.141191707277	202.97623847503	NA	NA	NA	NA
"1/sp|Q9BVC6|TM109_HUMAN"	"HUMAN"	616.46768524069	587.91873154642	588.067516762948	624.514506639323	624.920707515804	609.064036131603
"1/sp|Q9BVK6|TMED9_HUMAN"	"HUMAN"	460.772584521162	505.856511877453	453.212341397917	485.752674905037	481.204568262213	492.852446508326
"1/sp|Q9BVP2|GNL3_HUMAN"	"HUMAN"	871.276437899173	961.865226618235	908.17990000887	855.084399350756	920.085534173577	897.587018140758
"1/sp|Q9BW27|NUP85_HUMAN"	"HUMAN"	222.79482554529	NA	NA	NA	240.108517247935	174.096393092769
"1/sp|Q9BWD1|THIC_HUMAN"	"HUMAN"	287.741751177185	281.44793550183	455.778731559852	329.79476376192	337.580850560129	347.111239391353
"1/sp|Q9BX68|HINT2_HUMAN"	"HUMAN"	373.131360385249	370.796719249873	383.489104106009	396.694054847607	438.746927585191	394.809337602537
"1/sp|Q9BXJ9|NAA15_HUMAN"	"HUMAN"	506.695857391411	513.419215549726	550.119060295891	564.76124707533	498.637463942133	598.486474039231
"1/sp|Q9BXP5|SRRT_HUMAN"	"HUMAN"	798.607329763054	361.053093734278	332.744643056646	436.080687896179	767.169393016937	798.805349728233
"1/sp|Q9BXW7|CECR5_HUMAN"	"HUMAN"	182.501228727802	154.542337530562	193.407983135911	190.255497746605	227.209291772241	199.220366660495
"1/sp|Q9BY32|ITPA_HUMAN"	"HUMAN"	NA	144.463735761236	129.389446491255	171.123454323058	NA	NA
"1/sp|Q9BY44|EIF2A_HUMAN"	"HUMAN"	NA	NA	NA	127.582557443468	NA	149.68498277884
"1/sp|Q9BYT8|NEUL_HUMAN"	"HUMAN"	199.47489418023	NA	203.780840542691	203.923179998707	194.69654126132	197.590990041611
"1/sp|Q9BZE1|RM37_HUMAN"	"HUMAN"	NA	106.229794593368	144.867760806046	NA	NA	NA
"1/sp|Q9BZE4|NOG1_HUMAN"	"HUMAN"	642.741102144175	712.058986871452	642.758195395923	641.59000664234	672.129582045856	656.821997388656
"1/sp|Q9BZZ5|API5_HUMAN"	"HUMAN"	613.185580600246	633.05272988304	566.653029382616	577.450140237668	469.766404931739	233.88551200225
"1/sp|Q9GZL7|WDR12_HUMAN"	"HUMAN"	380.872267055168	NA	169.54933714996	236.38935524113	555.334025362507	278.662503680671
"1/sp|Q9GZS3|WDR61_HUMAN"	"HUMAN"	NA	NA	NA	NA	57.4824028263465	NA
"1/sp|Q9GZT3|SLIRP_HUMAN"	"HUMAN"	429.037253156289	450.776905972932	460.861216733814	525.172776870224	428.637938028076	461.893018688029
"1/sp|Q9H074|PAIP1_HUMAN"	"HUMAN"	1063.75290378371	1070.76227708152	1082.50201644945	1258.53395698344	1285.04792517786	1193.54034246403
"1/sp|Q9H098|F107B_HUMAN"	"HUMAN"	176.972210501994	NA	NA	NA	NA	NA
"1/sp|Q9H0A0|NAT10_HUMAN"	"HUMAN"	671.009268224628	814.778903567411	728.757430827624	647.74744922588	676.519365918744	705.369004319012
"1/sp|Q9H0C8|ILKAP_HUMAN"	"HUMAN"	101.679947347298	NA	NA	NA	NA	294.231915551624
"1/sp|Q9H0D6|XRN2_HUMAN"	"HUMAN"	592.72947888986	590.581857346694	605.993364834069	621.278361268754	612.688882334501	588.088519969295
"1/sp|Q9H0S4|DDX47_HUMAN"	"HUMAN"	193.870025905309	208.604079618526	228.726217604584	233.319331096297	225.959365923747	243.502553664237
"1/sp|Q9H1E3|NUCKS_HUMAN"	"HUMAN"	501.438756836724	473.063175650695	479.673229344695	454.08783536629	483.326319812175	482.475052368858
"1/sp|Q9H2U2|IPYR2_HUMAN"	"HUMAN"	506.362024135522	552.75304382728	507.010296909042	557.110271457149	558.735416706598	564.03671450049
"1/sp|Q9H307|PININ_HUMAN"	"HUMAN"	NA	345.126292413969	NA	361.947340510934	366.07089236089	314.998320974541
"1/sp|Q9H3K2|GHITM_HUMAN"	"HUMAN"	457.922297899081	471.652041056991	373.90134235197	428.32942192797	422.324147454626	149.561276813837
"1/sp|Q9H3K6|BOLA2_HUMAN"	"HUMAN"	NA	247.544958048194	NA	NA	NA	NA
"1/sp|Q9H3N1|TMX1_HUMAN"	"HUMAN"	459.87130164038	469.848342568484	482.447967969489	448.763749114349	475.809653920785	454.318487876774
"1/sp|Q9H3U1|UN45A_HUMAN"	"HUMAN"	211.095531635966	NA	86.7145660689348	89.7999493263222	93.2679149173633	102.125088624175
"1/sp|Q9H444|CHM4B_HUMAN"	"HUMAN"	203.10766379792	138.272209098101	244.996692233326	299.213801035693	298.573061279635	194.072186504077
"1/sp|Q9H488|OFUT1_HUMAN"	"HUMAN"	121.044734726616	NA	127.277819813174	NA	NA	NA
"1/sp|Q9H4A3|WNK1_HUMAN"	"HUMAN"	350.434669537494	NA	NA	NA	NA	NA
"1/sp|Q9H4A4|AMPB_HUMAN"	"HUMAN"	573.08866158141	576.18343577575	600.978109140334	574.467631962235	504.516939871678	568.076098334559
"1/sp|Q9H4A6|GOLP3_HUMAN"	"HUMAN"	NA	222.27763821807	NA	171.280996926016	279.385401832494	196.938663027821
"1/sp|Q9H583|HEAT1_HUMAN"	"HUMAN"	325.23941623282	196.595798536596	309.469514262902	281.466694905485	286.815105766823	274.523063668589
"1/sp|Q9H6R4|NOL6_HUMAN"	"HUMAN"	NA	NA	NA	44.7604760346046	NA	NA
"1/sp|Q9H7Z7|PGES2_HUMAN"	"HUMAN"	552.182038632114	519.021368532325	558.812519806063	586.272474152599	510.017549675941	584.105837142054
"1/sp|Q9H845|ACAD9_HUMAN"	"HUMAN"	200.258596299857	154.852603468328	118.125888428521	207.732966596279	206.240844623058	182.952859824606
"1/sp|Q9H8Y8|GORS2_HUMAN"	"HUMAN"	NA	NA	105.623063366736	103.858333014833	118.288823948661	104.328106148158
"1/sp|Q9H910|HN1L_HUMAN"	"HUMAN"	186.955716471327	189.214584220662	204.223109806296	211.289838138772	212.739104958382	NA
"1/sp|Q9H9B4|SFXN1_HUMAN"	"HUMAN"	875.908988651705	918.947224626176	902.186005078242	890.524416462499	881.219894067554	911.282491440312
"1/sp|Q9HA77|SYCM_HUMAN"	"HUMAN"	117.179460709561	100.717970845969	NA	135.483822689823	146.138581951738	117.402825035274
"1/sp|Q9HAV7|GRPE1_HUMAN"	"HUMAN"	484.787970586227	463.247539968077	507.622438477367	399.758401384064	439.764199099181	390.732179291447
"1/sp|Q9HB07|MYG1_HUMAN"	"HUMAN"	549.73735441041	488.392754838979	482.399081222074	534.923686709409	433.198434380268	476.608619818237
"1/sp|Q9HB71|CYBP_HUMAN"	"HUMAN"	1315.71995523108	1381.48936431464	1427.64080944251	1367.27947558495	1292.00222386094	1291.46518381137
"1/sp|Q9HC38|GLOD4_HUMAN"	"HUMAN"	298.727359167474	315.878675806065	NA	NA	NA	321.451928239947
"1/sp|Q9HCC0|MCCB_HUMAN"	"HUMAN"	116.071972095214	173.854898621654	144.424170215844	147.403024191211	193.017914019539	139.659929305354
"1/sp|Q9HD45|TM9S3_HUMAN"	"HUMAN"	355.189246746008	333.380660481328	335.796193246959	376.398646831738	281.870316334619	332.351695959811
"1/sp|Q9HDC9|APMAP_HUMAN"	"HUMAN"	421.205232380923	507.347331749132	381.020824379042	471.867044717285	471.065655433085	461.913703489775
"1/sp|Q9NPD3|EXOS4_HUMAN"	"HUMAN"	363.926617287262	238.927568168427	379.224070539006	268.620322656566	267.635140810252	337.522170070738
"1/sp|Q9NPJ3|ACO13_HUMAN"	"HUMAN"	576.716474019411	582.959019266185	445.395894901084	626.057125086604	598.021471689432	594.259212814317
"1/sp|Q9NQC3|RTN4_HUMAN"	"HUMAN"	1524.55412959664	1514.86176245216	1388.52155755166	1451.55842264763	1557.90528990341	1527.14661778332
"1/sp|Q9NQG5|RPR1B_HUMAN"	"HUMAN"	228.401364619391	237.128489562683	249.992288166738	225.639838707954	159.271822236526	115.013697601672
"1/sp|Q9NQR4|NIT2_HUMAN"	"HUMAN"	152.454522806875	168.354169297752	NA	195.105708181832	189.154090398107	170.805028098772
"1/sp|Q9NQW7|XPP1_HUMAN"	"HUMAN"	92.3518259152619	NA	106.018967121621	94.2119915111182	115.345308611682	NA
"1/sp|Q9NR12|PDLI7_HUMAN"	"HUMAN"	664.450509037066	670.29005562009	663.312160211702	662.554010162606	678.591212309005	584.481599917685
"1/sp|Q9NR28|DBLOH_HUMAN"	"HUMAN"	NA	NA	NA	NA	231.680449985106	217.495610516195
"1/sp|Q9NR30|DDX21_HUMAN"	"HUMAN"	2049.94923509457	1995.67374109578	2237.78944053963	2016.06363721346	2002.28476842473	2097.03505666351
"1/sp|Q9NR31|SAR1A_HUMAN"	"HUMAN"	277.968392413374	346.823691442855	327.536066055161	294.486353261525	270.081993054306	NA
"1/sp|Q9NR45|SIAS_HUMAN"	"HUMAN"	425.801634571011	462.971260836503	504.499863670256	466.451865623448	469.555215716337	451.624032179056
"1/sp|Q9NR46|SHLB2_HUMAN"	"HUMAN"	NA	NA	NA	161.300651191675	NA	NA
"1/sp|Q9NS69|TOM22_HUMAN"	"HUMAN"	375.720004558559	413.236379116608	383.024957766454	381.185861528739	383.577609508261	377.109328727914
"1/sp|Q9NSD9|SYFB_HUMAN"	"HUMAN"	863.957258766548	894.043833470877	823.927196687117	764.797625676128	630.516761274594	728.634857786157
"1/sp|Q9NSE4|SYIM_HUMAN"	"HUMAN"	648.289958791792	626.406042265643	509.251608486265	694.675375543314	684.20803584001	504.265395973401
"1/sp|Q9NTJ3|SMC4_HUMAN"	"HUMAN"	190.329859426169	197.060527996517	193.371506251281	242.470574609695	259.774476918548	254.675643490134
"1/sp|Q9NTK5|OLA1_HUMAN"	"HUMAN"	746.666910959038	731.940139135744	626.607073355183	668.072521742047	716.165345262316	612.407637016611
"1/sp|Q9NTM9|CUTC_HUMAN"	"HUMAN"	NA	NA	183.797381303287	NA	NA	147.622695345797
"1/sp|Q9NTZ6|RBM12_HUMAN"	"HUMAN"	NA	96.9744879492437	NA	NA	NA	NA
"1/sp|Q9NUQ9|FA49B_HUMAN"	"HUMAN"	NA	90.6454814322663	63.4832702912699	NA	NA	93.6477959244163
"1/sp|Q9NVA2|SEP11_HUMAN"	"HUMAN"	117.825783632516	136.560641488187	209.042197887776	139.623063233551	208.960446132307	141.494088732765
"1/sp|Q9NVH1|DJC11_HUMAN"	"HUMAN"	NA	183.90147129245	NA	164.840269826155	166.837173851571	NA
"1/sp|Q9NVI7|ATD3A_HUMAN"	"HUMAN"	592.977849688668	575.511170031397	615.840344858754	658.913095040381	619.655153031798	607.355232979699
"1/sp|Q9NVP1|DDX18_HUMAN"	"HUMAN"	287.274829648654	346.3405786792	264.29482486347	302.260860961173	335.633190536096	308.685825762484
"1/sp|Q9NW82|WDR70_HUMAN"	"HUMAN"	238.646761447637	NA	NA	NA	293.72487530484	NA
"1/sp|Q9NX24|NHP2_HUMAN"	"HUMAN"	NA	NA	414.259671304228	435.076856630696	379.644432986203	399.745454636129
"1/sp|Q9NX40|OCAD1_HUMAN"	"HUMAN"	279.13246843643	67.035415826425	NA	NA	43.8357912755145	NA
"1/sp|Q9NX63|CHCH3_HUMAN"	"HUMAN"	521.187822821548	538.694535358505	515.183571532086	555.382299217025	574.900197986861	560.636901451777
"1/sp|Q9NXG2|THUM1_HUMAN"	"HUMAN"	230.076852937561	NA	NA	236.564120267796	241.245201175623	267.427579144188
"1/sp|Q9NXH9|TRM1_HUMAN"	"HUMAN"	265.053667171324	364.114398779684	319.170637345166	392.679968443779	366.459445237008	379.983080781588
"1/sp|Q9NY12|GAR1_HUMAN"	"HUMAN"	NA	287.907742299324	NA	282.58094601898	NA	NA
"1/sp|Q9NY33|DPP3_HUMAN"	"HUMAN"	128.897764084275	NA	131.037266385641	NA	132.32435146592	NA
"1/sp|Q9NYF8|BCLF1_HUMAN"	"HUMAN"	301.195390276203	215.009410978368	369.195738571313	224.549422276008	246.636500160013	203.673384181956
"1/sp|Q9NYK5|RM39_HUMAN"	"HUMAN"	277.063210162756	NA	220.195315368558	201.458315332352	NA	NA
"1/sp|Q9NYL9|TMOD3_HUMAN"	"HUMAN"	NA	240.549237908719	241.964703019907	316.213667176725	319.140190999849	306.674972174142
"1/sp|Q9NYU2|UGGG1_HUMAN"	"HUMAN"	332.373156001742	331.75149997737	370.838481981291	331.852952589616	338.318774621759	318.672422315123
"1/sp|Q9NZ01|TECR_HUMAN"	"HUMAN"	373.728657448542	410.357768155073	450.888765110399	477.027450634436	419.471447367944	469.592154968279
"1/sp|Q9NZ45|CISD1_HUMAN"	"HUMAN"	279.256230869741	258.755081882782	264.216813938335	285.592025949044	312.685822325156	309.892011803723
"1/sp|Q9NZB2|F120A_HUMAN"	"HUMAN"	NA	NA	289.442509620194	311.209893283562	NA	NA
"1/sp|Q9NZL4|HPBP1_HUMAN"	"HUMAN"	350.539817890158	345.085058915896	355.799744565381	318.364328030778	371.51858487192	421.365917440424
"1/sp|Q9NZL9|MAT2B_HUMAN"	"HUMAN"	726.492871057463	743.600123383665	707.968749988887	722.154712447539	749.651698820817	780.823528442381
"1/sp|Q9NZM1|MYOF_HUMAN"	"HUMAN"	479.059320768268	497.70286117848	503.186336361521	502.618744119889	505.8199344205	483.784305246787
"1/sp|Q9NZN4|EHD2_HUMAN"	"HUMAN"	473.612915231585	432.254679553094	414.717101020428	433.342298075857	449.665281178449	420.677700226776
"1/sp|Q9P015|RM15_HUMAN"	"HUMAN"	NA	NA	235.091122388264	NA	NA	250.90675789037
"1/sp|Q9P0L0|VAPA_HUMAN"	"HUMAN"	1325.17835835099	1402.6930811842	1469.11839957623	1410.04527036684	1477.23524757418	1377.1766718368
"1/sp|Q9P258|RCC2_HUMAN"	"HUMAN"	2239.87502949827	2345.52462652168	2020.26867383116	2267.62301977941	2181.8004331233	2310.94908532253
"1/sp|Q9P287|BCCIP_HUMAN"	"HUMAN"	109.881085708024	127.955277597693	NA	99.5113363763723	89.1531098446303	221.433830810668
"1/sp|Q9P289|MST4_HUMAN"	"HUMAN"	155.538157863474	127.20832409161	NA	NA	NA	NA
"1/sp|Q9P2B2|FPRP_HUMAN"	"HUMAN"	130.14974363437	128.168451395747	145.756430258902	NA	166.772098058976	177.891001876261
"1/sp|Q9P2E9|RRBP1_HUMAN"	"HUMAN"	242.157502295173	288.933021526298	280.281274507231	285.383577591209	309.570220072225	345.024199493131
"1/sp|Q9P2J5|SYLC_HUMAN"	"HUMAN"	1281.43177243015	1251.28683911113	1338.80954801086	1250.59156740192	1199.0169218933	1271.57628350966
"1/sp|Q9P2R7|SUCB1_HUMAN"	"HUMAN"	412.753364913017	372.97402883678	388.995386913749	387.05680769765	338.926296781282	360.725394982745
"1/sp|Q9UBB4|ATX10_HUMAN"	"HUMAN"	382.97756983145	357.207043217899	386.673609146872	451.491776344665	323.763786774002	446.662931599725
"1/sp|Q9UBE0|SAE1_HUMAN"	"HUMAN"	598.497122420145	594.657319193105	363.804241100056	394.303198725803	362.813478023167	574.68662488467
"1/sp|Q9UBI6|GBG12_HUMAN"	"HUMAN"	257.764680445914	231.944225600648	269.407243094436	215.314529055813	215.939615998096	255.111840704461
"1/sp|Q9UBM7|DHCR7_HUMAN"	"HUMAN"	509.706683567128	508.599180030532	545.91624832754	580.747671739489	532.491536055415	582.462199554069
"1/sp|Q9UBQ5|EIF3K_HUMAN"	"HUMAN"	354.136105090653	359.068917667616	379.084013337585	382.076368837534	376.703417691421	387.19810506784
"1/sp|Q9UBQ7|GRHPR_HUMAN"	"HUMAN"	494.110012029438	419.499163074107	459.810305343523	457.715436002066	449.231532857644	425.475188235553
"1/sp|Q9UBR2|CATZ_HUMAN"	"HUMAN"	547.856559951971	529.230511363718	577.676327604886	440.66248734189	403.060330436005	562.867592038635
"1/sp|Q9UBS4|DJB11_HUMAN"	"HUMAN"	NA	NA	NA	NA	NA	180.096612405859
"1/sp|Q9UBT2|SAE2_HUMAN"	"HUMAN"	923.428633267589	935.539837600545	990.525439707661	914.450673385662	956.166086647147	948.484598818801
"1/sp|Q9UBU9|NXF1_HUMAN"	"HUMAN"	NA	NA	NA	NA	98.7819614797374	NA
"1/sp|Q9UBV8|PEF1_HUMAN"	"HUMAN"	136.763371983472	NA	NA	147.94123278969	NA	133.324163548999
"1/sp|Q9UBX3|DIC_HUMAN"	"HUMAN"	484.870434910375	426.279002785114	444.725147626017	407.420890260455	424.602899860722	423.341842938262
"1/sp|Q9UG63|ABCF2_HUMAN"	"HUMAN"	204.620602513007	218.072309933121	219.073403916628	NA	225.853948757316	223.124702348432
"1/sp|Q9UGI8|TES_HUMAN"	"HUMAN"	289.212043273701	285.640667093983	301.34754122328	398.117740838982	604.268707649144	316.162027649422
"1/sp|Q9UGP8|SEC63_HUMAN"	"HUMAN"	306.074449482375	320.388322053031	297.039386777155	315.407331795521	293.154157187464	299.660773480644
"1/sp|Q9UH62|ARMX3_HUMAN"	"HUMAN"	112.070260518117	124.760608503947	115.807457409104	134.374095697954	NA	NA
"1/sp|Q9UHB9|SRP68_HUMAN"	"HUMAN"	458.25623402728	445.176444199467	440.299480852546	467.864213631098	503.422415486161	456.653383269254
"1/sp|Q9UHD1|CHRD1_HUMAN"	"HUMAN"	183.119304123368	358.599745503644	194.50160925103	280.497946312496	218.236260439898	199.472692216297
"1/sp|Q9UHD8|SEPT9_HUMAN"	"HUMAN"	564.367279149889	550.917234863637	595.539881048375	584.212657094586	476.401668019996	594.668416767491
"1/sp|Q9UHD9|UBQL2_HUMAN"	"HUMAN"	NA	135.807041388927	NA	103.870262658163	NA	NA
"1/sp|Q9UHG3|PCYOX_HUMAN"	"HUMAN"	530.982687501539	526.031515841359	531.109587669544	532.547051294685	520.346767003561	533.536101463064
"1/sp|Q9UHL4|DPP2_HUMAN"	"HUMAN"	234.797761561965	252.942957102718	263.841996397772	282.496050157852	272.277385180771	260.340456258766
"1/sp|Q9UHV9|PFD2_HUMAN"	"HUMAN"	909.273685065442	896.968228662566	895.065936824776	722.378737897923	916.846412530309	944.786565171818
"1/sp|Q9UHX1|PUF60_HUMAN"	"HUMAN"	702.728625738746	529.314661010851	787.315342633132	789.572475724081	665.646444166638	803.663252245947
"1/sp|Q9UI30|TR112_HUMAN"	"HUMAN"	319.682501609783	321.095816627362	405.238282340017	376.09057233069	300.80506084594	300.646541515201
"1/sp|Q9UIA9|XPO7_HUMAN"	"HUMAN"	171.267146686795	211.006185445188	NA	214.83774735311	228.632234673037	143.992421580313
"1/sp|Q9UIG0|BAZ1B_HUMAN"	"HUMAN"	164.619636082785	199.783032186668	213.679898124509	191.22102688332	488.626447370222	207.997933963267
"1/sp|Q9UII2|ATIF1_HUMAN"	"HUMAN"	154.590620479486	226.403763743895	205.538119966698	203.388730339868	221.24257772517	200.031547445187
"1/sp|Q9UIJ7|KAD3_HUMAN"	"HUMAN"	865.094422652186	1002.08883741084	721.080932784733	837.798240780682	943.758372027641	753.746848805683
"1/sp|Q9UJ72|ANX10_HUMAN"	"HUMAN"	528.542442418119	519.770971249053	595.709769066301	633.499638857418	NA	NA
"1/sp|Q9UJS0|CMC2_HUMAN"	"HUMAN"	787.467186757587	778.06549923677	681.957642401715	781.333707514987	731.36411093132	810.056549049738
"1/sp|Q9UJZ1|STML2_HUMAN"	"HUMAN"	889.582340301449	866.902527114963	799.847642682512	699.001797321211	660.360108475362	728.427776519109
"1/sp|Q9UKD2|MRT4_HUMAN"	"HUMAN"	585.43691601735	192.295168929344	476.846661016514	432.22456928273	437.443594893587	407.020585232695
"1/sp|Q9UKK9|NUDT5_HUMAN"	"HUMAN"	422.54044523876	390.872068714105	430.656915230981	440.409997683373	445.88113262955	400.991633998352
"1/sp|Q9UKM9|RALY_HUMAN"	"HUMAN"	956.477102216136	999.487737426675	985.867387820711	1032.15798180964	957.575425227599	1000.34918246176
"1/sp|Q9UKN8|TF3C4_HUMAN"	"HUMAN"	243.79343608573	433.480586122639	420.853623600962	454.93912508504	476.670386793159	428.723190249183
"1/sp|Q9UKS6|PACN3_HUMAN"	"HUMAN"	299.597841971045	311.651625352039	344.40681787174	313.987763780114	313.165890043017	311.568615066642
"1/sp|Q9UKV3|ACINU_HUMAN"	"HUMAN"	299.441427815369	168.518524025653	132.075515037418	147.1011043555	137.46741579448	141.796186004637
"1/sp|Q9UL25|RAB21_HUMAN"	"HUMAN"	NA	78.7687285678602	90.7720953973041	189.160774634941	202.071032474213	192.331578216254
"1/sp|Q9UL46|PSME2_HUMAN"	"HUMAN"	293.600869123274	453.005156697542	336.388917618025	485.842189848453	422.082450644551	335.934203163728
"1/sp|Q9ULV4|COR1C_HUMAN"	"HUMAN"	473.631772150458	471.052051181393	509.047080348283	509.394079694822	498.029743534771	536.770625841604
"1/sp|Q9UMS4|PRP19_HUMAN"	"HUMAN"	1521.70433042914	1351.217938958	1444.81255096097	1526.26888540702	1480.36190821785	1456.02446869639
"1/sp|Q9UMX0|UBQL1_HUMAN"	"HUMAN"	214.212510796313	362.198617941146	NA	261.997267682951	NA	262.144820629695
"1/sp|Q9UMX5|NENF_HUMAN"	"HUMAN"	NA	NA	NA	NA	NA	279.177143823037
"1/sp|Q9UMY1|NOL7_HUMAN"	"HUMAN"	208.40819547721	NA	NA	NA	NA	NA
"1/sp|Q9UMY4|SNX12_HUMAN"	"HUMAN"	456.11149294346	463.713228490392	503.836040088729	411.550783680839	436.399362475537	375.502508624295
"1/sp|Q9UN86|G3BP2_HUMAN"	"HUMAN"	240.443353533625	247.86729965692	286.167921167027	244.136830915314	230.558262034227	359.640964358748
"1/sp|Q9UNE7|CHIP_HUMAN"	"HUMAN"	NA	NA	NA	252.647662564056	NA	247.730376610737
"1/sp|Q9UNF0|PACN2_HUMAN"	"HUMAN"	314.657662344844	372.369957600185	211.478026343282	316.273404470115	357.096479482444	NA
"1/sp|Q9UNF1|MAGD2_HUMAN"	"HUMAN"	590.094256685359	639.807812231383	609.863261445959	587.347849835637	639.470117502778	448.693860934517
"1/sp|Q9UNL2|SSRG_HUMAN"	"HUMAN"	243.515201065467	232.456226587387	262.090004562169	264.411075783714	215.824384176794	223.834790349091
"1/sp|Q9UNM6|PSD13_HUMAN"	"HUMAN"	706.60678133626	704.737850343355	674.334699644292	821.07803449732	641.190801968779	789.72284866081
"1/sp|Q9UNN5|FAF1_HUMAN"	"HUMAN"	158.774425933086	226.350484409784	164.788237123827	210.483858392334	205.962888256289	187.81397652915
"1/sp|Q9UNQ2|DIM1_HUMAN"	"HUMAN"	NA	NA	NA	NA	147.301291214981	NA
"1/sp|Q9UNS2|CSN3_HUMAN"	"HUMAN"	NA	114.4145580474	130.054886605155	197.827240327086	195.386542532953	159.029307480756
"1/sp|Q9UNX4|WDR3_HUMAN"	"HUMAN"	224.61531686838	178.049998109155	212.547543069107	211.572141847452	184.461308295828	209.558194132271
"1/sp|Q9UPQ0|LIMC1_HUMAN"	"HUMAN"	194.112983107089	193.166432158265	189.067177106307	190.350937081491	199.531339672748	675.396792280637
"1/sp|Q9UQ35|SRRM2_HUMAN"	"HUMAN"	940.028384573337	870.488778902854	933.700092206006	929.07436879917	907.301485200965	926.338379532854
"1/sp|Q9UQ80|PA2G4_HUMAN"	"HUMAN"	2601.61667800121	2683.73256973472	2619.84464608342	2835.85736165762	2814.45633902453	2872.50993770658
"1/sp|Q9UQE7|SMC3_HUMAN"	"HUMAN"	353.633321289264	383.319578140575	415.091548305818	444.419155711755	505.559665484559	404.466138316577
"1/sp|Q9Y221|NIP7_HUMAN"	"HUMAN"	NA	NA	177.087949962526	NA	NA	177.799668892155
"1/sp|Q9Y224|CN166_HUMAN"	"HUMAN"	497.394975306805	731.189769245622	602.390171728531	644.574570011394	840.124289246219	757.310567686581
"1/sp|Q9Y230|RUVB2_HUMAN"	"HUMAN"	1704.19606528318	1701.53372309564	1690.88571784287	1746.15893589978	1735.56551109511	1685.12719965463
"1/sp|Q9Y262|EIF3L_HUMAN"	"HUMAN"	503.476130773363	524.970061341444	354.192391697726	553.24853139298	545.879657971342	571.766977742607
"1/sp|Q9Y263|PLAP_HUMAN"	"HUMAN"	182.584093842641	202.688594887445	NA	289.549975117252	192.698576450306	314.980895187779
"1/sp|Q9Y265|RUVB1_HUMAN"	"HUMAN"	1910.05525080436	1905.10462363959	2005.75892335717	1943.13368126435	1906.85735602451	1969.88980900808
"1/sp|Q9Y266|NUDC_HUMAN"	"HUMAN"	1000.0418672846	952.313348122016	1035.2301611647	1059.35429606178	969.406149328863	1027.52144695449
"1/sp|Q9Y277|VDAC3_HUMAN"	"HUMAN"	1069.71959528864	1097.45795325925	1037.4648495867	1076.6878995821	1116.87415026312	1135.82173163169
"1/sp|Q9Y281|COF2_HUMAN"	"HUMAN"	478.14747387343	NA	522.458952925883	439.575933424631	548.654091569175	520.140954497754
"1/sp|Q9Y285|SYFA_HUMAN"	"HUMAN"	449.564187239259	479.534578763134	468.27216894167	444.75965914808	411.530799004291	459.566726171554
"1/sp|Q9Y295|DRG1_HUMAN"	"HUMAN"	519.004203111279	515.799419587881	503.292260592369	461.931336351195	455.944571250569	474.392703446974
"1/sp|Q9Y2B0|CNPY2_HUMAN"	"HUMAN"	915.843489819837	864.083747646884	927.193008489901	909.98622703755	799.204103933478	881.216150865988
"1/sp|Q9Y2L1|RRP44_HUMAN"	"HUMAN"	335.459204119553	398.124356627617	424.885620131988	325.55010969191	491.408307464415	284.397072823025
"1/sp|Q9Y2P8|RCL1_HUMAN"	"HUMAN"	161.896435151277	NA	NA	NA	NA	NA
"1/sp|Q9Y2Q3|GSTK1_HUMAN"	"HUMAN"	257.19028802226	308.315954382091	274.843588424131	297.803960491043	291.929471716496	266.532235821932
"1/sp|Q9Y2S6|TMA7_HUMAN"	"HUMAN"	NA	NA	356.498428418481	NA	NA	NA
"1/sp|Q9Y2S7|PDIP2_HUMAN"	"HUMAN"	NA	413.523692161004	NA	NA	NA	NA
"1/sp|Q9Y2T3|GUAD_HUMAN"	"HUMAN"	595.555302276083	567.681943793873	604.24333485087	607.995278590881	613.486504649789	555.479400297226
"1/sp|Q9Y2V2|CHSP1_HUMAN"	"HUMAN"	NA	NA	NA	NA	95.4075445626132	NA
"1/sp|Q9Y2W1|TR150_HUMAN"	"HUMAN"	797.453089941878	794.759229073523	803.708696070665	701.098565592484	689.203784203723	707.051079099316
"1/sp|Q9Y2W2|WBP11_HUMAN"	"HUMAN"	NA	NA	152.7578595877	NA	NA	263.81377813014
"1/sp|Q9Y2X3|NOP58_HUMAN"	"HUMAN"	651.453880661259	664.170002908959	619.350904973258	644.87766678675	611.92957769392	645.756155621293
"1/sp|Q9Y2Z0|SUGT1_HUMAN"	"HUMAN"	260.942303587461	243.389775235691	302.49913439541	NA	254.178161339584	NA
"1/sp|Q9Y2Z4|SYYM_HUMAN"	"HUMAN"	207.191286749577	222.464786440938	220.668878007328	194.189207304144	NA	212.899005072439
"1/sp|Q9Y305|ACOT9_HUMAN"	"HUMAN"	423.559346101961	358.425536281515	386.155149403502	408.745061155246	438.410943030231	342.94134263924
"1/sp|Q9Y376|CAB39_HUMAN"	"HUMAN"	NA	NA	NA	NA	184.757910194434	217.091884854152
"1/sp|Q9Y383|LC7L2_HUMAN"	"HUMAN"	666.409955871699	691.958340915711	666.172996743447	736.23772637796	721.229402564424	657.555228041358
"1/sp|Q9Y399|RT02_HUMAN"	"HUMAN"	NA	214.248790191064	NA	NA	NA	NA
"1/sp|Q9Y3A5|SBDS_HUMAN"	"HUMAN"	652.354894901718	442.933458077731	368.717349131132	740.606090752139	427.074551455643	503.339467229437
"1/sp|Q9Y3B3|TMED7_HUMAN"	"HUMAN"	650.888804746593	756.91115262137	663.257518570633	710.885727247565	768.446078499547	688.148120340118
"1/sp|Q9Y3B4|PM14_HUMAN"	"HUMAN"	200.059831812906	291.60133891331	266.693824826144	297.957361653651	285.145383734294	187.91184846452
"1/sp|Q9Y3D6|FIS1_HUMAN"	"HUMAN"	366.625136491347	327.903637951055	360.402667200459	292.44092446121	353.42244904742	331.056795802836
"1/sp|Q9Y3D9|RT23_HUMAN"	"HUMAN"	308.649505462102	332.735032566248	319.565687675965	361.892700048421	351.194273300157	344.947677771693
"1/sp|Q9Y3F4|STRAP_HUMAN"	"HUMAN"	518.675889241929	1047.60470298656	531.826471524092	586.639844771479	716.347109205073	572.462252696134
"1/sp|Q9Y3I0|RTCB_HUMAN"	"HUMAN"	656.929337038457	674.097698638442	596.474654546926	560.443003065459	534.707805653525	712.317289732504
"1/sp|Q9Y3T9|NOC2L_HUMAN"	"HUMAN"	NA	NA	270.044249338587	NA	NA	NA
"1/sp|Q9Y3U8|RL36_HUMAN"	"HUMAN"	3434.42444435779	3393.7623787185	3348.40992123586	3495.22741905091	3523.64696575888	3449.36001299102
"1/sp|Q9Y3Y2|CHTOP_HUMAN"	"HUMAN"	126.103690020385	124.639325627012	113.011334384398	124.664281354148	125.881951738315	132.11414782637
"1/sp|Q9Y490|TLN1_HUMAN"	"HUMAN"	1285.95909914575	1265.70812744438	1333.6233420899	1305.43007393805	1431.97018783816	1285.15903290821
"1/sp|Q9Y4L1|HYOU1_HUMAN"	"HUMAN"	816.479929232968	825.849722054774	855.209335032186	852.400100142241	879.550114695386	820.719629083331
"1/sp|Q9Y4W2|LAS1L_HUMAN"	"HUMAN"	NA	197.549951775195	239.667381701807	319.323944960857	137.619200412249	177.173850632106
"1/sp|Q9Y4W6|AFG32_HUMAN"	"HUMAN"	325.126407504868	311.785133780119	357.372153727424	391.817262602725	663.288662156863	520.819110973569
"1/sp|Q9Y512|SAM50_HUMAN"	"HUMAN"	NA	307.953513048002	303.954784773506	NA	NA	172.688687044031
"1/sp|Q9Y5B9|SP16H_HUMAN"	"HUMAN"	1246.48724724094	1304.22149171678	1176.95654435811	1270.36615785428	1220.65015888259	1274.0139281975
"1/sp|Q9Y5K5|UCHL5_HUMAN"	"HUMAN"	606.11884853213	602.053285657768	600.308389436466	598.305872973311	588.526887909995	652.321031290197
"1/sp|Q9Y5L4|TIM13_HUMAN"	"HUMAN"	431.045532852427	494.071667378899	513.669033344998	484.93793468655	495.545062308048	417.73963307176
"1/sp|Q9Y5M8|SRPRB_HUMAN"	"HUMAN"	242.944890538203	315.295828887349	203.463409650427	224.781191046774	216.972461565425	203.7584344865
"1/sp|Q9Y5X1|SNX9_HUMAN"	"HUMAN"	83.6715894151497	115.777517692305	NA	107.065132204937	95.3556930493475	125.474406368483
"1/sp|Q9Y606|TRUA_HUMAN"	"HUMAN"	127.130035140131	122.364636870389	122.745567904395	102.436103490316	194.235810676266	195.459769492348
"1/sp|Q9Y617|SERC_HUMAN"	"HUMAN"	2621.29919346262	2726.61648313522	2676.72510740352	2802.06341288368	2673.76211216353	2827.77038107634
"1/sp|Q9Y678|COPG1_HUMAN"	"HUMAN"	303.529068295858	321.836361513026	314.500526991576	424.12846342916	386.735168317281	437.665760413167
"1/sp|Q9Y696|CLIC4_HUMAN"	"HUMAN"	267.58415458225	285.679013991363	249.066743600194	326.798083775565	NA	286.260144039359
"1/sp|Q9Y6B6|SAR1B_HUMAN"	"HUMAN"	268.330448847715	NA	NA	NA	181.75881418024	98.4661051433334
"1/sp|Q9Y6C9|MTCH2_HUMAN"	"HUMAN"	1622.87826431899	1679.56907410947	1680.7878562093	1713.9052687536	1705.31453626252	1702.18031929183
"1/sp|Q9Y6E2|BZW2_HUMAN"	"HUMAN"	584.032220019996	607.730010224029	563.745788340319	518.680579047973	573.539237413783	554.175609081229
"1/sp|Q9Y6M0|TEST_HUMAN"	"HUMAN"	137.921996462273	136.823015683249	NA	NA	155.939168100825	148.216518295593
"1/tr|C8Z3E4|C8Z3E4_YEAS8"	"YEAST"	NA	NA	137.117710838125	NA	NA	NA
"1/tr|C8Z3F1|C8Z3F1_YEAS8"	"YEAST"	14529.8209149441	14905.9386619008	14590.9929367775	8063.8865024034	7893.15719142255	7852.00418638167
"1/tr|C8Z3F5|C8Z3F5_YEAS8"	"YEAST"	194.675644484018	193.980708449609	154.331757159668	82.1714702356777	NA	NA
"1/tr|C8Z3F6|C8Z3F6_YEAS8"	"YEAST"	771.996035243229	750.297503259199	784.476571606788	402.726999297436	421.469665690353	421.963798424779
"1/tr|C8Z3G2|C8Z3G2_YEAS8"	"YEAST"	333.833461246565	339.83797302115	381.510501847488	NA	NA	259.725818765197
"1/tr|C8Z3H3|C8Z3H3_YEAS8"	"YEAST"	5644.06781605285	6101.96656811697	6043.08081336659	3180.17228515488	3112.4208271458	3196.20600271931
"1/tr|C8Z3H5|C8Z3H5_YEAS8"	"YEAST"	3655.28278747955	3687.26755178502	3662.88303923631	1760.63459929246	1742.06590375224	1799.59315758647
"1/tr|C8Z3H9|C8Z3H9_YEAS8"	"YEAST"	373.289924586004	392.70208618134	363.711875073755	305.666260916676	281.753638619244	NA
"1/tr|C8Z3I1|C8Z3I1_YEAS8"	"YEAST"	413.827700688466	434.152237813104	419.908250253405	192.929543140999	219.969434748013	178.186277637239
"1/tr|C8Z3I5|C8Z3I5_YEAS8"	"YEAST"	285.299386680924	286.680864880621	254.574807641034	124.949138060725	121.245660935424	NA
"1/tr|C8Z3K4|C8Z3K4_YEAS8"	"YEAST"	135.68007079423	NA	226.889291765419	NA	NA	NA
"1/tr|C8Z3L4|C8Z3L4_YEAS8"	"YEAST"	344.248885925837	809.281824447438	394.906301140993	NA	111.760124020563	NA
"1/tr|C8Z3L8|C8Z3L8_YEAS8"	"YEAST"	2696.17279591393	2602.56479370955	2606.03011213443	1356.80336528481	1282.96865426326	1367.77074786483
"1/tr|C8Z3M9|C8Z3M9_YEAS8"	"YEAST"	572.979865618511	576.716912827909	593.021850138626	438.38769126644	556.835811016439	450.893593253913
"1/tr|C8Z3P0|C8Z3P0_YEAS8"	"YEAST"	345.35637976227	656.002399685186	NA	NA	NA	NA
"1/tr|C8Z3P2|C8Z3P2_YEAS8"	"YEAST"	NA	136.180262012761	158.152856662251	NA	NA	NA
"1/tr|C8Z3P9|C8Z3P9_YEAS8"	"YEAST"	435.428723208766	283.766655541604	363.489658740393	NA	NA	NA
"1/tr|C8Z3Q1|C8Z3Q1_YEAS8"	"YEAST"	128.218720201896	104.791000973513	113.605535791178	NA	NA	NA
"1/tr|C8Z3Q3|C8Z3Q3_YEAS8"	"YEAST"	2103.81987828856	1937.0489520157	2038.21339378813	1102.58416703255	1065.21203359319	1013.32499730248
"1/tr|C8Z3Q6|C8Z3Q6_YEAS8"	"YEAST"	480.202112585211	497.054763392534	435.090126704862	229.089029805432	342.266012532425	377.825115887472
"1/tr|C8Z3Q9|C8Z3Q9_YEAS8"	"YEAST"	688.735191458567	678.5570449393	669.729924503782	353.719637738317	347.499678428021	308.987058718574
"1/tr|C8Z3R8|C8Z3R8_YEAS8"	"YEAST"	2996.43411233967	3232.95639265156	3233.7200631245	2874.81440672365	2856.52015707284	3206.45762691885
"1/tr|C8Z3S1|C8Z3S1_YEAS8"	"YEAST"	7087.53429545327	7030.14272131573	6670.30240353085	3322.70116045633	3432.67034872051	3682.01583394756
"1/tr|C8Z3T2|C8Z3T2_YEAS8"	"YEAST"	1514.43326253905	1488.93888952516	1579.13966199916	637.576329571888	732.280716881142	731.275634187534
"1/tr|C8Z3T9|C8Z3T9_YEAS8"	"YEAST"	83.6608590415438	NA	NA	NA	NA	NA
"1/tr|C8Z3U3|C8Z3U3_YEAS8"	"YEAST"	9392.23522818119	9754.03836896497	9557.99174087366	4589.19525873392	4498.37772048834	4626.46088937287
"1/tr|C8Z3V2|C8Z3V2_YEAS8"	"YEAST"	3191.52577918914	3230.41778021559	3290.08757169523	1767.97531557353	1857.44339355855	1940.77635838668
"1/tr|C8Z3V8|C8Z3V8_YEAS8"	"YEAST"	7747.20690773115	8545.24338654599	7957.20881896785	4079.01956272381	3978.2673816468	4283.76284232895
"1/tr|C8Z3W1|C8Z3W1_YEAS8"	"YEAST"	52.1545793603259	51.941266216015	NA	NA	NA	NA
"1/tr|C8Z3W6|C8Z3W6_YEAS8"	"YEAST"	7370.73221391426	7115.37062720415	7603.32204855231	3822.11736966844	3876.4453363841	3595.66271249988
"1/tr|C8Z3W9|C8Z3W9_YEAS8"	"YEAST"	4232.11822060429	4011.0769299578	3849.48761285073	2189.34212311109	2102.08498599741	2263.37291252224
"1/tr|C8Z3X2|C8Z3X2_YEAS8"	"YEAST"	738.292941174741	394.909347504562	750.67927219882	244.42146704924	296.333400398414	321.044810538353
"1/tr|C8Z3X4|C8Z3X4_YEAS8"	"YEAST"	569.406285289045	184.408405842602	352.64620298695	964.012804744247	NA	863.371724405679
"1/tr|C8Z3Y1|C8Z3Y1_YEAS8"	"YEAST"	300.182019118063	268.020403685128	123.626041296925	130.345324019737	83.9319753922756	183.78572004025
"1/tr|C8Z402|C8Z402_YEAS8"	"YEAST"	121.763016360355	NA	NA	NA	NA	NA
"1/tr|C8Z404|C8Z404_YEAS8"	"YEAST"	801.023580462285	870.702109920842	827.898384505239	417.83302522261	436.010911890864	427.536515933342
"1/tr|C8Z406|C8Z406_YEAS8"	"YEAST"	2841.90680017922	2792.30284363338	2850.49880874486	1563.47744124224	1479.06430907052	1548.26238515886
"1/tr|C8Z411|C8Z411_YEAS8"	"YEAST"	169.830055941791	NA	188.233147671006	NA	NA	NA
"1/tr|C8Z419|C8Z419_YEAS8"	"YEAST"	2531.01291311007	2609.60442741629	2486.51175086517	1238.48643507409	1276.1010482868	1321.94841685602
"1/tr|C8Z439|C8Z439_YEAS8"	"YEAST"	277.090600191877	636.858220809703	731.705111813712	NA	143.27437163015	171.999797774363
"1/tr|C8Z444|C8Z444_YEAS8"	"YEAST"	428.484260974618	414.605697253111	NA	NA	NA	NA
"1/tr|C8Z447|C8Z447_YEAS8"	"YEAST"	1032.27161575446	977.737257336724	942.528007795745	519.072929039575	557.192324775716	517.879741266165
"1/tr|C8Z449|C8Z449_YEAS8"	"YEAST"	1822.09721695941	1833.08303062682	1978.32777198668	1011.99300097767	977.469452727447	1008.5927898366
"1/tr|C8Z452|C8Z452_YEAS8"	"YEAST"	488.960951805752	520.792253889208	489.564729131738	287.174850834017	281.343151013286	280.466439434858
"1/tr|C8Z454|C8Z454_YEAS8"	"YEAST"	1263.80248756426	1279.18327836529	1192.00546509532	710.40191626666	687.095354696616	728.315880834827
"1/tr|C8Z460|C8Z460_YEAS8"	"YEAST"	158.600883670624	147.384781496914	148.560027354971	NA	NA	NA
"1/tr|C8Z462|C8Z462_YEAS8"	"YEAST"	138.104245832711	373.321136674072	146.277889259356	64.3266492518339	NA	NA
"1/tr|C8Z469|C8Z469_YEAS8"	"YEAST"	253.60337194492	347.593458690351	376.388817345003	NA	NA	NA
"1/tr|C8Z470|C8Z470_YEAS8"	"YEAST"	385.646800272152	155.719736753053	376.405816681314	123.466969579507	NA	NA
"1/tr|C8Z476|C8Z476_YEAS8"	"YEAST"	1909.62838261405	1990.93374732443	1938.51820279672	699.168035130689	721.407519793033	1090.81244287564
"1/tr|C8Z487|C8Z487_YEAS8"	"YEAST"	673.058965393197	670.433059905675	679.138829627363	697.025526463393	526.001898788551	559.97448601778
"1/tr|C8Z489|C8Z489_YEAS8"	"YEAST"	862.352192330247	928.57385044601	972.714641119203	365.133693673376	NA	231.834294107733
"1/tr|C8Z496|C8Z496_YEAS8"	"YEAST"	277.696554629575	301.186645391006	293.62642263906	153.301388295366	115.232853323097	NA
"1/tr|C8Z499|C8Z499_YEAS8"	"YEAST"	32683.7456497532	32627.6533217984	32311.0471985294	16859.9016110176	16536.0876375118	16835.7738626738
"1/tr|C8Z4B9|C8Z4B9_YEAS8"	"YEAST"	211.494014894639	191.281344679874	202.362268113577	NA	NA	125.069476739581
"1/tr|C8Z4C0|C8Z4C0_YEAS8"	"YEAST"	NA	188.609938388899	184.156387872983	NA	NA	NA
"1/tr|C8Z4E5|C8Z4E5_YEAS8"	"YEAST"	1145.00019667465	1136.26543746403	1167.26329139073	637.742949630284	622.648824328839	628.736879789706
"1/tr|C8Z4H0|C8Z4H0_YEAS8"	"YEAST"	NA	NA	339.088165764241	NA	NA	NA
"1/tr|C8Z4H1|C8Z4H1_YEAS8"	"YEAST"	192.12328001982	173.967165567941	166.691423689913	NA	NA	NA
"1/tr|C8Z4H4|C8Z4H4_YEAS8"	"YEAST"	87.6756109927006	NA	NA	NA	NA	NA
"1/tr|C8Z4H5|C8Z4H5_YEAS8"	"YEAST"	432.789052389119	525.738189018491	406.207052587707	180.320604567463	177.202341149951	57.1116279704732
"1/tr|C8Z4J2|C8Z4J2_YEAS8"	"YEAST"	278.091004720596	254.83219405155	294.574000454618	NA	NA	NA
"1/tr|C8Z4K2|C8Z4K2_YEAS8"	"YEAST"	NA	410.448836208902	368.234598099083	NA	NA	231.427526073889
"1/tr|C8Z4K3|C8Z4K3_YEAS8"	"YEAST"	1196.35065567051	1236.88108074917	906.263102301664	487.307617331003	468.341369090581	489.683206600138
"1/tr|C8Z4K8|C8Z4K8_YEAS8"	"YEAST"	669.761526032623	639.213908840097	598.988377730559	347.566307679252	405.679692962629	232.659057262966
"1/tr|C8Z4L4|C8Z4L4_YEAS8"	"YEAST"	1311.07397695629	1225.31082614016	1196.37912927484	687.69620756822	736.291781791384	649.593640376688
"1/tr|C8Z4L6|C8Z4L6_YEAS8"	"YEAST"	318.582290440599	87.288246322058	NA	NA	NA	NA
"1/tr|C8Z4L7|C8Z4L7_YEAS8"	"YEAST"	NA	NA	212.765850914596	NA	NA	NA
"1/tr|C8Z4L8|C8Z4L8_YEAS8"	"YEAST"	594.007883148777	609.420379971202	424.630121299747	NA	NA	NA
"1/tr|C8Z4N9|C8Z4N9_YEAS8"	"YEAST"	599.640119443214	526.303431696136	603.833458757426	314.156929689973	370.559311675525	346.358780719681
"1/tr|C8Z4P8|C8Z4P8_YEAS8"	"YEAST"	6167.09279397008	6172.83733094379	6042.69012840709	3610.04882521317	3417.66849672066	3544.96158133971
"1/tr|C8Z4Q5|C8Z4Q5_YEAS8"	"YEAST"	1171.96627855089	1071.29027333786	1086.2129289856	611.750859050047	586.830995981174	603.621337062778
"1/tr|C8Z4R3|C8Z4R3_YEAS8"	"YEAST"	604.975030248521	590.751212505498	431.648954828567	225.305541351745	175.546963478888	307.244117755306
"1/tr|C8Z4S0|C8Z4S0_YEAS8"	"YEAST"	1050.94154906933	1085.97767933434	1458.78412200188	116.221724578668	144.921828126486	138.841022788822
"1/tr|C8Z4S1|C8Z4S1_YEAS8"	"YEAST"	573.990144122735	529.13575237054	595.748106569392	326.108999834778	320.486263128914	338.119854549462
"1/tr|C8Z4T1|C8Z4T1_YEAS8"	"YEAST"	NA	NA	NA	NA	208.348681020414	NA
"1/tr|C8Z4U3|C8Z4U3_YEAS8"	"YEAST"	1000.4225934827	991.152863925811	1019.91155716384	555.046280141575	521.781912487727	518.95293922184
"1/tr|C8Z4U5|C8Z4U5_YEAS8"	"YEAST"	5680.92104011335	5847.91437660608	5744.28008933571	3162.26139240099	3001.73156621609	3254.50735677873
"1/tr|C8Z4V2|C8Z4V2_YEAS8"	"YEAST"	884.795083233549	663.745419724597	658.583008172135	NA	338.820648963571	300.762131221569
"1/tr|C8Z4V3|C8Z4V3_YEAS8"	"YEAST"	376.936904812411	353.145801528815	368.513589819629	NA	NA	NA
"1/tr|C8Z4V7|C8Z4V7_YEAS8"	"YEAST"	251.445942843966	253.330429216195	194.094493378521	NA	NA	101.209834245311
"1/tr|C8Z4V9|C8Z4V9_YEAS8"	"YEAST"	3325.75492668595	3414.56900534936	3240.79825580075	2072.32314097469	2053.39368512931	2059.80206666658
"1/tr|C8Z4W0|C8Z4W0_YEAS8"	"YEAST"	718.973881143942	766.356875884206	612.67807719949	355.351581286041	396.292342622018	433.85627674211
"1/tr|C8Z4W9|C8Z4W9_YEAS8"	"YEAST"	6634.69700332309	6719.08450372479	6603.54310368666	3761.58816738821	3616.67168343455	3662.67737922295
"1/tr|C8Z4X9|C8Z4X9_YEAS8"	"YEAST"	NA	NA	151.810674043946	NA	NA	NA
"1/tr|C8Z4Y3|C8Z4Y3_YEAS8"	"YEAST"	7900.03166054518	7966.13367501527	8241.92267604588	3922.76558144138	3779.7280178154	4142.81261858277
"1/tr|C8Z4Y9|C8Z4Y9_YEAS8"	"YEAST"	485.132078222783	465.896542638892	504.485419584705	232.231945639326	254.894791615529	276.06557004237
"1/tr|C8Z4Z2|C8Z4Z2_YEAS8"	"YEAST"	489.370833298207	553.540458976566	647.972261787742	178.509914569855	345.361628955121	109.153047511197
"1/tr|C8Z509|C8Z509_YEAS8"	"YEAST"	484.427521723604	555.35737292564	526.940743915348	333.826707965194	367.669140127884	352.657184535946
"1/tr|C8Z515|C8Z515_YEAS8"	"YEAST"	199.456919835531	217.930616349743	220.997037936717	NA	NA	NA
"1/tr|C8Z516|C8Z516_YEAS8"	"YEAST"	425.244996371807	414.462016682782	461.950885467895	231.448350942404	230.827165701742	270.299272694017
"1/tr|C8Z536|C8Z536_YEAS8"	"YEAST"	87.0699497170663	188.362161960396	80.1546331264308	NA	NA	NA
"1/tr|C8Z545|C8Z545_YEAS8"	"YEAST"	660.782370310781	720.938610332035	876.857952660891	338.43618496577	309.360190359452	302.930920448189
"1/tr|C8Z551|C8Z551_YEAS8"	"YEAST"	113.56232527744	NA	NA	NA	NA	NA
"1/tr|C8Z564|C8Z564_YEAS8"	"YEAST"	232.073472217003	228.377225696524	241.23008273989	86.0887549050244	100.420933578882	87.7746194003455
"1/tr|C8Z570|C8Z570_YEAS8"	"YEAST"	2074.00391719583	2219.8541761192	2030.0125329818	1157.92339189407	1076.90268006322	1229.1614347575
"1/tr|C8Z573|C8Z573_YEAS8"	"YEAST"	1752.19193061353	1723.52729064641	1524.97475132426	848.872009127596	968.635092875832	980.900605450281
"1/tr|C8Z581|C8Z581_YEAS8"	"YEAST"	178.719815183536	200.044345812914	111.457897096502	NA	NA	NA
"1/tr|C8Z585|C8Z585_YEAS8"	"YEAST"	79.3985226033202	91.7107132765854	70.037381445417	NA	33.6072919545953	NA
"1/tr|C8Z586|C8Z586_YEAS8"	"YEAST"	393.457929637492	506.055767365992	355.885289845991	341.696802783452	314.329773523647	317.73040985729
"1/tr|C8Z588|C8Z588_YEAS8"	"YEAST"	NA	NA	115.99653900659	NA	NA	NA
"1/tr|C8Z590|C8Z590_YEAS8"	"YEAST"	276.492051897352	308.399320678363	272.454075574266	148.898739757769	150.955996924987	147.690806491478
"1/tr|C8Z5A3|C8Z5A3_YEAS8"	"YEAST"	410.828508379606	312.963945826596	419.419667422766	254.326168917129	NA	260.417489383179
"1/tr|C8Z5A5|C8Z5A5_YEAS8"	"YEAST"	440.381652465679	475.718882929117	429.626791589705	210.828215384763	343.73099810052	407.29975522078
"1/tr|C8Z5C4|C8Z5C4_YEAS8"	"YEAST"	399.496179952607	100.028994181125	436.326420070549	NA	NA	NA
"1/tr|C8Z5C5|C8Z5C5_YEAS8"	"YEAST"	371.537493512565	363.874993200652	264.534713838362	201.059288383415	295.65948250941	NA
"1/tr|C8Z5C7|C8Z5C7_YEAS8"	"YEAST"	711.742478122144	675.404360053707	766.628991741256	413.702406573194	354.662609014571	323.379117850846
"1/tr|C8Z5D7|C8Z5D7_YEAS8"	"YEAST"	2817.56257710853	2961.81526242666	2819.27354568824	2074.44126186198	1413.8382013498	1330.41822662395
"1/tr|C8Z5E4|C8Z5E4_YEAS8"	"YEAST"	3487.68638823939	3529.72812659471	3506.36707274919	1917.4172416686	1959.2472915942	1900.90953514915
"1/tr|C8Z5E5|C8Z5E5_YEAS8"	"YEAST"	268.669071334686	272.091401922663	276.745919691297	50.8008759523522	NA	200.519508507659
"1/tr|C8Z5E9|C8Z5E9_YEAS8"	"YEAST"	598.188084825977	562.950361667382	508.207676288674	342.036352177522	NA	212.925455498738
"1/tr|C8Z5H0|C8Z5H0_YEAS8"	"YEAST"	823.85518837499	855.533505142529	841.490556468304	483.627808510021	474.323344087323	477.317905895813
"1/tr|C8Z5I5|C8Z5I5_YEAS8"	"YEAST"	379.375897276266	487.141320065309	456.039513955441	NA	NA	NA
"1/tr|C8Z5K5|C8Z5K5_YEAS8"	"YEAST"	327.433814698524	257.706270441118	NA	97.2871836317524	NA	59.9467427616297
"1/tr|C8Z5L0|C8Z5L0_YEAS8"	"YEAST"	866.061677210219	820.330721288344	897.936401373054	585.149411875666	574.660856124231	389.251429579041
"1/tr|C8Z5L5|C8Z5L5_YEAS8"	"YEAST"	318.072531459606	311.851974715037	337.956673947725	NA	NA	NA
"1/tr|C8Z5N3|C8Z5N3_YEAS8"	"YEAST"	NA	129.048506655632	NA	NA	NA	NA
"1/tr|C8Z5N5|C8Z5N5_YEAS8"	"YEAST"	NA	329.266497029195	249.068732949706	NA	NA	NA
"1/tr|C8Z5N7|C8Z5N7_YEAS8"	"YEAST"	NA	NA	NA	NA	NA	134.834323015938
"1/tr|C8Z5P1|C8Z5P1_YEAS8"	"YEAST"	194.417331819209	233.902243205375	281.858924419955	NA	102.695829585151	123.744309339593
"1/tr|C8Z5Q2|C8Z5Q2_YEAS8"	"YEAST"	1499.27329447721	1549.09760837843	1573.00365942548	827.472740131859	816.773541222206	825.580895178819
"1/tr|C8Z5R4|C8Z5R4_YEAS8"	"YEAST"	537.812774149799	570.554942651194	641.050450595709	268.818879642744	246.926683117779	277.959882494976
"1/tr|C8Z5S7|C8Z5S7_YEAS8"	"YEAST"	206.546704289071	192.896415010255	NA	NA	NA	NA
"1/tr|C8Z5S9|C8Z5S9_YEAS8"	"YEAST"	608.885970329503	671.826081822622	682.118357662451	333.47764103105	332.852566280146	NA
"1/tr|C8Z5U0|C8Z5U0_YEAS8"	"YEAST"	903.76185728361	898.632002360247	NA	NA	329.570517173236	NA
"1/tr|C8Z5U5|C8Z5U5_YEAS8"	"YEAST"	1068.80009932154	985.624514659855	1033.23797798991	609.590620154589	535.300379465644	634.568674072183
"1/tr|C8Z5U7|C8Z5U7_YEAS8"	"YEAST"	2341.84271365962	2449.44975401097	2500.86709606755	1341.83307137073	1197.16784294839	1260.54826788121
"1/tr|C8Z5U9|C8Z5U9_YEAS8"	"YEAST"	15743.8138876297	15725.1744233527	16407.7054893399	7948.21454821228	7406.34480777798	7905.0161658744
"1/tr|C8Z5V8|C8Z5V8_YEAS8"	"YEAST"	NA	NA	197.87219489912	NA	NA	NA
"1/tr|C8Z5V9|C8Z5V9_YEAS8"	"YEAST"	53.0032946159405	132.713516776911	201.386137108072	NA	NA	NA
"1/tr|C8Z5Y0|C8Z5Y0_YEAS8"	"YEAST"	5261.96012954325	5375.37276936335	5479.10605423803	2736.49713335721	2715.16865250994	2693.4963279138
"1/tr|C8Z5Y8|C8Z5Y8_YEAS8"	"YEAST"	312.153033069765	301.539651591613	295.883830151277	214.462892717954	NA	143.226965013038
"1/tr|C8Z5Z0|C8Z5Z0_YEAS8"	"YEAST"	381.737122290804	546.459487199477	537.459827981457	356.274762360286	306.107781768212	151.710337037955
"1/tr|C8Z5Z3|C8Z5Z3_YEAS8"	"YEAST"	622.164265874422	584.629952127738	602.647776885129	358.011562126807	285.611455698694	347.058185232546
"1/tr|C8Z608|C8Z608_YEAS8"	"YEAST"	6021.95150866921	6069.35399783301	5983.54299148735	3230.95698554344	3057.19502948537	3157.01412069409
"1/tr|C8Z612|C8Z612_YEAS8"	"YEAST"	414.244363004197	417.259218920055	417.830601340089	263.275804568792	301.5322992739	NA
"1/tr|C8Z630|C8Z630_YEAS8"	"YEAST"	6947.5176061621	6940.48702909146	7005.47274050101	3164.38888667471	3224.27613209269	3182.40447513393
"1/tr|C8Z635|C8Z635_YEAS8"	"YEAST"	117.60556247804	124.814512060589	NA	NA	NA	NA
"1/tr|C8Z641|C8Z641_YEAS8"	"YEAST"	208.955139631143	NA	162.93212609081	NA	NA	NA
"1/tr|C8Z645|C8Z645_YEAS8"	"YEAST"	NA	NA	152.169390402772	NA	83.1554342610981	NA
"1/tr|C8Z657|C8Z657_YEAS8"	"YEAST"	309.908706640493	340.382317897323	332.180023752965	NA	NA	NA
"1/tr|C8Z659|C8Z659_YEAS8"	"YEAST"	2813.17217841189	2957.73310222953	2736.99575147058	1850.63452425913	1743.10653171444	1757.75095439653
"1/tr|C8Z666|C8Z666_YEAS8"	"YEAST"	484.758722489806	498.306266930595	532.738383654828	322.522908296772	326.39045204513	362.214130376244
"1/tr|C8Z669|C8Z669_YEAS8"	"YEAST"	693.640627701063	663.539030400395	722.7609725209	321.560966445331	382.871687682519	352.63449927607
"1/tr|C8Z672|C8Z672_YEAS8"	"YEAST"	368.779434173108	292.426971236439	368.947191157824	147.316333182362	NA	268.875897385887
"1/tr|C8Z689|C8Z689_YEAS8"	"YEAST"	587.751405378217	1070.78785157456	1140.66733432809	924.330206704316	233.820401806486	408.141110613293
"1/tr|C8Z693|C8Z693_YEAS8"	"YEAST"	43.3812938861141	34.4791121252762	53.8494325560626	NA	NA	NA
"1/tr|C8Z6A2|C8Z6A2_YEAS8"	"YEAST"	NA	NA	82.5356398939228	NA	NA	NA
"1/tr|C8Z6A6|C8Z6A6_YEAS8"	"YEAST"	NA	191.439448143482	144.002883526021	NA	NA	NA
"1/tr|C8Z6A8|C8Z6A8_YEAS8"	"YEAST"	906.601382278539	488.487421878599	796.899816276714	210.242775368158	152.13080410759	270.899660723266
"1/tr|C8Z6B1|C8Z6B1_YEAS8"	"YEAST"	NA	NA	NA	233.598247820809	NA	NA
"1/tr|C8Z6B2|C8Z6B2_YEAS8"	"YEAST"	4172.5107042717	4337.11214485239	4250.23103104375	2245.69069748149	2220.58722361398	2392.58534787772
"1/tr|C8Z6B9|C8Z6B9_YEAS8"	"YEAST"	2570.69054544417	2533.08327774002	2228.84825040776	1257.26175651172	1304.0081367169	1235.69671102153
"1/tr|C8Z6C2|C8Z6C2_YEAS8"	"YEAST"	813.158281226317	812.060424277743	807.039549919585	388.343064347082	451.529800460266	401.183652343687
"1/tr|C8Z6C3|C8Z6C3_YEAS8"	"YEAST"	332.173570328901	287.847527166707	NA	NA	NA	NA
"1/tr|C8Z6D0|C8Z6D0_YEAS8"	"YEAST"	392.730147662461	310.317710704075	507.851750346867	171.507111493848	NA	129.180330141804
"1/tr|C8Z6D5|C8Z6D5_YEAS8"	"YEAST"	1327.00640242489	1323.49503649858	1314.63099812298	766.90961354993	886.926562535893	835.841070602663
"1/tr|C8Z6E3|C8Z6E3_YEAS8"	"YEAST"	240.68023424562	143.009734112858	411.251772086177	NA	113.086700011797	NA
"1/tr|C8Z6F5|C8Z6F5_YEAS8"	"YEAST"	349.758587916268	430.29526535758	434.727634574604	182.56110881715	248.429976944825	197.285406469775
"1/tr|C8Z6F7|C8Z6F7_YEAS8"	"YEAST"	505.325501375459	621.858620617831	455.339511071604	245.056198974958	123.849839721347	274.411023060008
"1/tr|C8Z6F9|C8Z6F9_YEAS8"	"YEAST"	476.39272429292	465.331009719388	456.078948218291	314.180006164706	NA	214.550419381493
"1/tr|C8Z6G2|C8Z6G2_YEAS8"	"YEAST"	690.903183723072	670.514270983298	668.11820489219	141.863410387647	125.022060890164	142.833444041777
"1/tr|C8Z6G7|C8Z6G7_YEAS8"	"YEAST"	266.137636639862	NA	NA	NA	NA	NA
"1/tr|C8Z6H1|C8Z6H1_YEAS8"	"YEAST"	61.2385546452687	NA	NA	NA	NA	NA
"1/tr|C8Z6H2|C8Z6H2_YEAS8"	"YEAST"	NA	NA	217.129905879457	NA	NA	NA
"1/tr|C8Z6H3|C8Z6H3_YEAS8"	"YEAST"	456.314323905334	NA	46.9867606430705	NA	NA	NA
"1/tr|C8Z6H7|C8Z6H7_YEAS8"	"YEAST"	1783.62802995849	1909.69426504247	1728.98787591912	1013.29472758247	992.201967404383	989.657246946745
"1/tr|C8Z6H8|C8Z6H8_YEAS8"	"YEAST"	313.34366297981	295.764666234356	292.716744380325	NA	146.856193825476	NA
"1/tr|C8Z6H9|C8Z6H9_YEAS8"	"YEAST"	1846.28145981783	1843.03430561468	1673.49952809846	731.332018209261	1144.99013250946	685.017460469008
"1/tr|C8Z6K1|C8Z6K1_YEAS8"	"YEAST"	NA	NA	126.566537825286	NA	NA	NA
"1/tr|C8Z6K4|C8Z6K4_YEAS8"	"YEAST"	790.605107926244	774.91141132737	732.82078457889	388.041533039801	441.749336774529	447.482016794285
"1/tr|C8Z6K7|C8Z6K7_YEAS8"	"YEAST"	592.004521841356	600.573564771682	633.28616924928	215.881799435173	211.17089632476	210.492302675895
"1/tr|C8Z6K9|C8Z6K9_YEAS8"	"YEAST"	196.097551522884	111.924830749141	159.067477374478	NA	NA	NA
"1/tr|C8Z6L7|C8Z6L7_YEAS8"	"YEAST"	284.023652370035	272.845823329598	354.154613624774	NA	NA	NA
"1/tr|C8Z6M0|C8Z6M0_YEAS8"	"YEAST"	976.327790141464	823.573805214771	807.273198301472	497.057717419982	556.14278011007	610.840802764275
"1/tr|C8Z6M1|C8Z6M1_YEAS8"	"YEAST"	5625.96249653214	5641.08495997654	5475.76667129934	2872.30145893014	2719.4666695809	2902.8433388087
"1/tr|C8Z6P0|C8Z6P0_YEAS8"	"YEAST"	4220.71414720227	4458.8328822441	4235.73598889619	1891.21482706443	1957.04471733151	1943.20477926019
"1/tr|C8Z6Q0|C8Z6Q0_YEAS8"	"YEAST"	138.404109265882	129.409343841675	128.281972645125	NA	NA	NA
"1/tr|C8Z6R1|C8Z6R1_YEAS8"	"YEAST"	164.451669482423	148.585730215581	NA	NA	NA	NA
"1/tr|C8Z6T1|C8Z6T1_YEAS8"	"YEAST"	1661.41261592498	1642.15974767124	1635.71497364627	963.517790223241	929.96023791403	977.344242875
"1/tr|C8Z6T4|C8Z6T4_YEAS8"	"YEAST"	NA	NA	64.0635058019665	NA	NA	NA
"1/tr|C8Z6T7|C8Z6T7_YEAS8"	"YEAST"	NA	NA	50.0685295050655	NA	NA	NA
"1/tr|C8Z6U2|C8Z6U2_YEAS8"	"YEAST"	264.275070131267	828.362874489484	274.045161790369	NA	NA	NA
"1/tr|C8Z6U7|C8Z6U7_YEAS8"	"YEAST"	1156.26338039005	1251.12980838628	1201.57445524854	700.019700897629	714.944397198435	713.578104436807
"1/tr|C8Z6U8|C8Z6U8_YEAS8"	"YEAST"	407.857640909661	446.615452826071	429.271485800734	244.778908407841	181.280705723463	216.163112269768
"1/tr|C8Z6V7|C8Z6V7_YEAS8"	"YEAST"	218.787658704404	283.227099280366	260.193540301786	47.6840896595284	49.0788261594823	NA
"1/tr|C8Z6W1|C8Z6W1_YEAS8"	"YEAST"	5078.12167737622	6075.47893124519	5802.39111506792	2771.97338208438	2641.14567235039	2799.80342307818
"1/tr|C8Z6W5|C8Z6W5_YEAS8"	"YEAST"	418.737039450007	199.208152080817	208.082753145335	144.186848068043	95.1974451014699	74.1185173754609
"1/tr|C8Z6X1|C8Z6X1_YEAS8"	"YEAST"	1028.98161683587	1043.47527579515	994.486749739833	653.185263589888	646.216261082093	612.876353766867
"1/tr|C8Z6X3|C8Z6X3_YEAS8"	"YEAST"	634.655885316623	687.190083297592	717.990719578936	294.341593847456	NA	NA
"1/tr|C8Z6X5|C8Z6X5_YEAS8"	"YEAST"	NA	134.66969114191	NA	NA	NA	NA
"1/tr|C8Z6X7|C8Z6X7_YEAS8"	"YEAST"	145.26329191871	375.579385136069	357.029632035843	167.367770125611	72.8520768082387	NA
"1/tr|C8Z6Y7|C8Z6Y7_YEAS8"	"YEAST"	305.828237931571	251.292973841668	370.390873048922	160.213674912654	551.789940667443	84.443772350206
"1/tr|C8Z6Y9|C8Z6Y9_YEAS8"	"YEAST"	NA	103.321534415592	NA	NA	NA	NA
"1/tr|C8Z6Z7|C8Z6Z7_YEAS8"	"YEAST"	284.67267073339	394.305564562043	372.596418058217	172.183393818536	190.212476606255	149.823505969596
"1/tr|C8Z701|C8Z701_YEAS8"	"YEAST"	513.775933963628	501.879972940927	479.469541007182	164.013028116642	248.112070403218	238.585029526274
"1/tr|C8Z702|C8Z702_YEAS8"	"YEAST"	941.284208217623	783.416304634126	978.130943334787	441.949397641735	484.319624143301	268.53965209424
"1/tr|C8Z704|C8Z704_YEAS8"	"YEAST"	273.707489875925	289.318510600634	295.43078507053	112.924026660856	176.529723136613	79.7666267062812
"1/tr|C8Z707|C8Z707_YEAS8"	"YEAST"	254.946484139148	260.961134056074	NA	NA	170.387600140869	NA
"1/tr|C8Z709|C8Z709_YEAS8"	"YEAST"	750.510244063198	798.027579021332	781.020809089972	444.189790992853	427.190970547525	429.046864172745
"1/tr|C8Z712|C8Z712_YEAS8"	"YEAST"	333.995656947756	242.13334387403	289.604841475994	NA	NA	NA
"1/tr|C8Z724|C8Z724_YEAS8"	"YEAST"	746.410026638118	786.165973174744	701.557235882708	255.904983254521	NA	466.064354372154
"1/tr|C8Z727|C8Z727_YEAS8"	"YEAST"	1300.52616191166	1309.02563799619	1392.65106362679	507.017241216051	535.996770462718	1135.87305211268
"1/tr|C8Z738|C8Z738_YEAS8"	"YEAST"	750.496450740041	674.13243236013	718.445164970422	451.824661615794	442.503461862659	442.364743331972
"1/tr|C8Z746|C8Z746_YEAS8"	"YEAST"	4659.80314040762	4889.6992701234	4839.19770799124	2527.61478840599	2429.24676860638	2556.74724232558
"1/tr|C8Z747|C8Z747_YEAS8"	"YEAST"	844.893764501843	871.466830722191	773.439028829548	472.65088755389	NA	437.431724864274
"1/tr|C8Z752|C8Z752_YEAS8"	"YEAST"	585.564693730187	424.076605851689	501.940976593062	NA	213.702554256525	212.899837324029
"1/tr|C8Z753|C8Z753_YEAS8"	"YEAST"	75.7039545029022	72.1979440980521	NA	NA	NA	NA
"1/tr|C8Z756|C8Z756_YEAS8"	"YEAST"	400.896067580532	389.883499498424	292.143342392022	216.238265042367	NA	136.200173472787
"1/tr|C8Z760|C8Z760_YEAS8"	"YEAST"	355.270665494784	339.027266422704	339.684775550033	122.783493383621	NA	102.371819810351
"1/tr|C8Z763|C8Z763_YEAS8"	"YEAST"	795.471135396203	811.299382988106	731.41359575938	317.672255809177	321.088281817478	336.105401462806
"1/tr|C8Z768|C8Z768_YEAS8"	"YEAST"	NA	NA	152.87108616663	NA	NA	69.0734985201625
"1/tr|C8Z769|C8Z769_YEAS8"	"YEAST"	NA	NA	NA	NA	103.947905300376	NA
"1/tr|C8Z777|C8Z777_YEAS8"	"YEAST"	912.624508732186	909.102031480784	967.506179468918	380.144608959997	450.585957918262	677.242257466775
"1/tr|C8Z778|C8Z778_YEAS8"	"YEAST"	NA	NA	NA	51.1030519970712	NA	NA
"1/tr|C8Z781|C8Z781_YEAS8"	"YEAST"	324.870531209458	186.370835491044	313.187523758345	NA	48.74682122096	NA
"1/tr|C8Z782|C8Z782_YEAS8"	"YEAST"	7662.66876823323	7798.90733741397	7486.77799419258	3863.03315864651	3872.72806811413	3943.902700581
"1/tr|C8Z793|C8Z793_YEAS8"	"YEAST"	415.813986502776	201.581738432188	379.288858928811	228.167936787541	NA	127.41784262946
"1/tr|C8Z795|C8Z795_YEAS8"	"YEAST"	NA	NA	NA	NA	NA	47.7064862410534
"1/tr|C8Z799|C8Z799_YEAS8"	"YEAST"	503.128476670554	521.125054477392	498.141805228235	276.512131643053	267.184204303683	237.555167821035
"1/tr|C8Z7A6|C8Z7A6_YEAS8"	"YEAST"	618.215689147829	693.030999305769	683.48540576248	282.023187330147	231.349058304304	262.663380270536
"1/tr|C8Z7A8|C8Z7A8_YEAS8"	"YEAST"	1878.41849406971	1848.13879450857	1827.91910375809	1126.94519789969	1152.25434396459	1144.59606601111
"1/tr|C8Z7B3|C8Z7B3_YEAS8"	"YEAST"	528.232115837648	485.190483963153	484.029477100891	254.578346166122	247.668312854794	NA
"1/tr|C8Z7B4|C8Z7B4_YEAS8"	"YEAST"	349.148978296891	359.674082175703	354.673137478067	NA	NA	94.8162690683966
"1/tr|C8Z7C8|C8Z7C8_YEAS8"	"YEAST"	971.784924910574	1054.59447777811	964.597680759281	632.860704232412	619.141418541305	646.889520549287
"1/tr|C8Z7D7|C8Z7D7_YEAS8"	"YEAST"	612.213908129214	656.719831686134	630.632186755793	263.761125131471	190.094475770372	265.256560644324
"1/tr|C8Z7D9|C8Z7D9_YEAS8"	"YEAST"	174.220446587304	113.730548220226	100.267855655199	NA	NA	NA
"1/tr|C8Z7F0|C8Z7F0_YEAS8"	"YEAST"	561.25651630405	406.180873179938	483.614620283859	189.042359486373	NA	153.36489211969
"1/tr|C8Z7F6|C8Z7F6_YEAS8"	"YEAST"	276.482586536749	470.252347835277	502.575688209787	NA	NA	196.239753030265
"1/tr|C8Z7G1|C8Z7G1_YEAS8"	"YEAST"	NA	189.586753499904	NA	NA	NA	NA
"1/tr|C8Z7G3|C8Z7G3_YEAS8"	"YEAST"	252.958461810017	261.343435408212	NA	NA	NA	NA
"1/tr|C8Z7H9|C8Z7H9_YEAS8"	"YEAST"	249.130303293481	NA	193.612421280928	NA	NA	151.536135551329
"1/tr|C8Z7I7|C8Z7I7_YEAS8"	"YEAST"	1261.60836822804	1231.27125012095	1153.76101093411	634.493718326028	618.185442732713	666.088559673803
"1/tr|C8Z7K1|C8Z7K1_YEAS8"	"YEAST"	1638.75463787561	1674.75215208968	1540.45655895515	946.291782364394	847.806183934366	963.858171110525
"1/tr|C8Z7K2|C8Z7K2_YEAS8"	"YEAST"	1328.98417040545	1435.53659266034	1460.07073430404	743.36613155225	740.618706441032	845.324831362588
"1/tr|C8Z7M4|C8Z7M4_YEAS8"	"YEAST"	686.423485079583	503.863421585258	1070.88754588203	NA	NA	NA
"1/tr|C8Z7N5|C8Z7N5_YEAS8"	"YEAST"	136.480023563835	NA	51.0055228213003	NA	NA	NA
"1/tr|C8Z7N7|C8Z7N7_YEAS8"	"YEAST"	1314.99497056332	1334.70979870669	1361.28438515848	720.637889215416	692.641513549803	670.095356914076
"1/tr|C8Z7P3|C8Z7P3_YEAS8"	"YEAST"	5639.55587497608	5735.78390816476	5424.26588580666	3141.10266210906	3186.00818295003	3117.95037115065
"1/tr|C8Z7P4|C8Z7P4_YEAS8"	"YEAST"	616.334506572529	663.885643425894	765.572408719972	257.542002449549	NA	367.314781908311
"1/tr|C8Z7P5|C8Z7P5_YEAS8"	"YEAST"	1772.8393550205	1842.19222518767	1819.58180886282	1034.73403796906	916.053803130474	653.6552688576
"1/tr|C8Z7R1|C8Z7R1_YEAS8"	"YEAST"	657.68047670739	672.473450451874	708.500436194352	381.748894119057	419.209939710956	456.566301998541
"1/tr|C8Z7R5|C8Z7R5_YEAS8"	"YEAST"	656.978743090684	661.233296550059	659.263072359375	382.304251890285	383.220262003847	377.850806887743
"1/tr|C8Z7S0|C8Z7S0_YEAS8"	"YEAST"	2214.41571004595	2207.48210303902	2233.88160461401	1221.38681241924	1166.54179497893	1154.32983243235
"1/tr|C8Z7T0|C8Z7T0_YEAS8"	"YEAST"	1537.51962625323	1632.4233089339	1719.74624079445	1428.23007221396	1513.96179024186	1527.88753375406
"1/tr|C8Z7T1|C8Z7T1_YEAS8"	"YEAST"	113.239981302434	NA	NA	NA	NA	NA
"1/tr|C8Z7T4|C8Z7T4_YEAS8"	"YEAST"	80.8613749746651	NA	NA	NA	NA	NA
"1/tr|C8Z7T7|C8Z7T7_YEAS8"	"YEAST"	198.033394523802	254.355162647086	620.644753420245	NA	NA	NA
"1/tr|C8Z7T9|C8Z7T9_YEAS8"	"YEAST"	236.106364305973	185.844396334466	169.706812336272	NA	NA	477.74968734326
"1/tr|C8Z7U4|C8Z7U4_YEAS8"	"YEAST"	155.563650990123	219.949822432039	94.0748655933364	94.7172395026774	144.743186753993	91.0378175637019
"1/tr|C8Z7U6|C8Z7U6_YEAS8"	"YEAST"	96.5801299140172	NA	88.336760755278	NA	NA	NA
"1/tr|C8Z7V9|C8Z7V9_YEAS8"	"YEAST"	75.0528394905214	NA	97.4790041856669	NA	NA	NA
"1/tr|C8Z7W6|C8Z7W6_YEAS8"	"YEAST"	8025.91671865486	8109.74334529884	7864.91409290667	3691.00207846994	3768.90071292524	3765.45568983279
"1/tr|C8Z7X0|C8Z7X0_YEAS8"	"YEAST"	NA	70.1531265626113	NA	NA	NA	NA
"1/tr|C8Z7X9|C8Z7X9_YEAS8"	"YEAST"	1236.28497065632	1226.82601702949	1110.92420446071	806.30800234289	523.882968524734	642.508013518273
"1/tr|C8Z7Y4|C8Z7Y4_YEAS8"	"YEAST"	121.141808472555	166.160908066042	327.963247372014	NA	NA	NA
"1/tr|C8Z7Y5|C8Z7Y5_YEAS8"	"YEAST"	463.455237843071	485.355938717242	343.498621918848	NA	NA	NA
"1/tr|C8Z7Y6|C8Z7Y6_YEAS8"	"YEAST"	387.658036643885	294.366349796672	394.981619596114	123.545774712984	196.033243767625	NA
"1/tr|C8Z7Y7|C8Z7Y7_YEAS8"	"YEAST"	209.091192685297	229.695834061511	190.841902057075	NA	53.5306043699896	87.6085500920015
"1/tr|C8Z7Y9|C8Z7Y9_YEAS8"	"YEAST"	1956.60363296102	2079.98797376515	1999.19714049394	1082.14787070938	1139.56641084773	1126.27305996332
"1/tr|C8Z805|C8Z805_YEAS8"	"YEAST"	2747.14339493612	2768.1941094244	2746.3480878821	1319.44231871434	1330.84225076686	1339.92366129859
"1/tr|C8Z813|C8Z813_YEAS8"	"YEAST"	1714.60648072034	1697.56486413021	1701.16941981042	861.707121741167	858.352515886886	898.67942337155
"1/tr|C8Z815|C8Z815_YEAS8"	"YEAST"	168.740125269519	NA	NA	NA	NA	NA
"1/tr|C8Z821|C8Z821_YEAS8"	"YEAST"	809.561862094798	774.687835215835	744.015200011085	504.458234766569	272.968284046241	554.275979880671
"1/tr|C8Z834|C8Z834_YEAS8"	"YEAST"	136.545760818556	266.097852143354	155.23705362634	88.3965868522728	NA	NA
"1/tr|C8Z848|C8Z848_YEAS8"	"YEAST"	568.07400938572	205.7413310138	244.290854359005	NA	197.329493150242	NA
"1/tr|C8Z849|C8Z849_YEAS8"	"YEAST"	1017.316928448	1049.00726998005	1023.03126432123	211.141994784227	898.831222735278	891.117972548544
"1/tr|C8Z853|C8Z853_YEAS8"	"YEAST"	1343.11910385582	1406.16831677046	1383.98525402	804.900310250646	744.732093877586	730.389362355213
"1/tr|C8Z857|C8Z857_YEAS8"	"YEAST"	616.366387130472	656.550433877463	649.442497083592	223.831040870212	250.291350796409	176.179486227508
"1/tr|C8Z860|C8Z860_YEAS8"	"YEAST"	208.149357809158	NA	NA	NA	NA	NA
"1/tr|C8Z865|C8Z865_YEAS8"	"YEAST"	252.215000516558	272.019428393923	233.875868265214	NA	NA	NA
"1/tr|C8Z878|C8Z878_YEAS8"	"YEAST"	NA	NA	NA	NA	NA	140.399256925825
"1/tr|C8Z894|C8Z894_YEAS8"	"YEAST"	233.105720086304	414.881237378069	458.697981735292	299.306495282941	114.748944206833	120.674976953269
"1/tr|C8Z895|C8Z895_YEAS8"	"YEAST"	298.244073873885	136.9692812611	154.09656912555	NA	NA	95.1570299514023
"1/tr|C8Z8A2|C8Z8A2_YEAS8"	"YEAST"	484.786194634879	750.324124301209	495.136579630971	189.628959232774	206.369041629816	260.220295629685
"1/tr|C8Z8B3|C8Z8B3_YEAS8"	"YEAST"	392.586486365838	415.808021917012	452.49074056244	365.837951439659	333.218986015568	370.487815026709
"1/tr|C8Z8B5|C8Z8B5_YEAS8"	"YEAST"	5185.36169803362	5357.31189125858	5121.91272352355	2822.73450714792	2956.75534618098	2812.75002782477
"1/tr|C8Z8C7|C8Z8C7_YEAS8"	"YEAST"	5004.76706900347	5228.37727894639	5172.86265916463	2632.64929989725	2572.11461773129	2672.43321608953
"1/tr|C8Z8C9|C8Z8C9_YEAS8"	"YEAST"	NA	65.7054203323361	NA	NA	NA	NA
"1/tr|C8Z8E2|C8Z8E2_YEAS8"	"YEAST"	503.679102694073	616.991191230287	624.81584274598	311.072305499683	333.773107689514	168.950743140355
"1/tr|C8Z8E3|C8Z8E3_YEAS8"	"YEAST"	976.636739356808	988.793765670299	1032.47574928269	515.70015692116	496.469491506074	537.516952927202
"1/tr|C8Z8E5|C8Z8E5_YEAS8"	"YEAST"	5992.59007163881	6192.07903254064	5923.0237201018	3126.28687048856	3082.0129847367	3136.17710238206
"1/tr|C8Z8E9|C8Z8E9_YEAS8"	"YEAST"	521.108764260701	NA	NA	NA	NA	NA
"1/tr|C8Z8G9|C8Z8G9_YEAS8"	"YEAST"	326.399989527046	211.275377690854	752.731038996769	596.956249347767	192.364505656378	NA
"1/tr|C8Z8H1|C8Z8H1_YEAS8"	"YEAST"	2019.11100482491	2144.38129583863	NA	NA	NA	NA
"1/tr|C8Z8I5|C8Z8I5_YEAS8"	"YEAST"	367.035871131502	452.177866709079	307.230578375781	190.180832854684	NA	NA
"1/tr|C8Z8J2|C8Z8J2_YEAS8"	"YEAST"	391.713056090315	430.704986149247	400.704666890748	NA	NA	NA
"1/tr|C8Z8J6|C8Z8J6_YEAS8"	"YEAST"	494.666613567016	465.133141491907	479.503588260133	217.508139136402	206.1102891956	NA
"1/tr|C8Z8K0|C8Z8K0_YEAS8"	"YEAST"	48.5419496961877	NA	85.3653680872618	NA	NA	NA
"1/tr|C8Z8K3|C8Z8K3_YEAS8"	"YEAST"	436.921707353496	255.131520013617	216.710810319362	NA	NA	NA
"1/tr|C8Z8K6|C8Z8K6_YEAS8"	"YEAST"	750.401594440948	775.554493690177	806.104525426417	401.148742431432	440.080432108387	418.105934027532
"1/tr|C8Z8L1|C8Z8L1_YEAS8"	"YEAST"	619.63809217606	579.589483620206	613.809039774382	380.555596247764	NA	NA
"1/tr|C8Z8L2|C8Z8L2_YEAS8"	"YEAST"	1372.53275146315	1354.30137844546	1408.3254374142	834.691067956396	814.821264573925	506.525862691108
"1/tr|C8Z8L6|C8Z8L6_YEAS8"	"YEAST"	944.280442047675	860.6589292867	897.917603753346	591.591954678006	534.114881453422	556.678061957118
"1/tr|C8Z8M0|C8Z8M0_YEAS8"	"YEAST"	NA	NA	349.35843428865	NA	NA	NA
"1/tr|C8Z8N1|C8Z8N1_YEAS8"	"YEAST"	476.527014409111	857.842535531318	431.056286678369	NA	201.196822046433	NA
"1/tr|C8Z8N2|C8Z8N2_YEAS8"	"YEAST"	421.857153393482	352.582866188726	418.47843103188	241.749061980215	205.197284891173	241.926153543319
"1/tr|C8Z8N4|C8Z8N4_YEAS8"	"YEAST"	523.932946381008	527.580851073767	496.142322252039	300.336853016009	313.508814428245	303.807812466266
"1/tr|C8Z8N5|C8Z8N5_YEAS8"	"YEAST"	1525.7141159911	1465.37351476454	1507.11749043922	743.08055830113	714.24711576839	768.0741922994
"1/tr|C8Z8P4|C8Z8P4_YEAS8"	"YEAST"	348.787417611102	359.550081097475	358.359792024946	148.323185788446	133.565987857051	166.351890818179
"1/tr|C8Z8R3|C8Z8R3_YEAS8"	"YEAST"	346.35779943231	333.290258696178	188.199150628283	120.158083934488	79.9606324497857	75.4121867519557
"1/tr|C8Z8S7|C8Z8S7_YEAS8"	"YEAST"	171.127192999455	129.530003865425	116.810556323611	NA	NA	NA
"1/tr|C8Z8S9|C8Z8S9_YEAS8"	"YEAST"	8863.49763837049	9344.44250080641	8759.38577285176	5215.62707136686	5158.45815040566	5386.26166154475
"1/tr|C8Z8T3|C8Z8T3_YEAS8"	"YEAST"	309.784461978111	205.395855240777	307.806644007769	NA	NA	NA
"1/tr|C8Z8T9|C8Z8T9_YEAS8"	"YEAST"	402.199850930604	427.242836618465	438.257802410509	272.915344475082	279.838437017102	227.55266228331
"1/tr|C8Z8U4|C8Z8U4_YEAS8"	"YEAST"	70.3121768226738	NA	NA	NA	NA	NA
"1/tr|C8Z8U8|C8Z8U8_YEAS8"	"YEAST"	391.169521161087	440.531055963821	353.177200886664	NA	358.511386217105	NA
"1/tr|C8Z8V5|C8Z8V5_YEAS8"	"YEAST"	439.893443810154	473.025947776838	463.178562747036	120.73834980007	101.970218458176	155.388032931342
"1/tr|C8Z8X4|C8Z8X4_YEAS8"	"YEAST"	103.193677170819	NA	NA	NA	48.2032896742469	58.4250939860902
"1/tr|C8Z8X6|C8Z8X6_YEAS8"	"YEAST"	108.973992809232	139.530722143224	99.2624849765942	NA	NA	NA
"1/tr|C8Z8Y0|C8Z8Y0_YEAS8"	"YEAST"	1861.92828040522	1861.57375012833	1955.37645911546	1045.05864058224	1045.94327629322	1129.71144243558
"1/tr|C8Z8Y1|C8Z8Y1_YEAS8"	"YEAST"	NA	NA	NA	237.679302720632	NA	NA
"1/tr|C8Z8Y2|C8Z8Y2_YEAS8"	"YEAST"	179.5134775099	137.159289452905	182.849399496038	57.8054638652973	70.3876450088968	NA
"1/tr|C8Z8Y8|C8Z8Y8_YEAS8"	"YEAST"	817.029065691106	831.731892624074	881.150042361524	522.697070551474	454.025536406513	389.493365023124
"1/tr|C8Z8Z6|C8Z8Z6_YEAS8"	"YEAST"	147.466942569488	NA	NA	NA	NA	NA
"1/tr|C8Z910|C8Z910_YEAS8"	"YEAST"	NA	NA	197.078985221473	NA	23.3686199153017	NA
"1/tr|C8Z917|C8Z917_YEAS8"	"YEAST"	889.075236085088	868.839792924846	916.189164504443	490.230092577135	477.93380371013	641.960267961601
"1/tr|C8Z925|C8Z925_YEAS8"	"YEAST"	549.765477023345	515.180280305748	587.734622028933	287.031941513614	245.401808431136	253.57333980352
"1/tr|C8Z928|C8Z928_YEAS8"	"YEAST"	228.487280847349	237.076947477034	270.049417722818	NA	NA	NA
"1/tr|C8Z942|C8Z942_YEAS8"	"YEAST"	169.323858393083	NA	NA	NA	NA	NA
"1/tr|C8Z949|C8Z949_YEAS8"	"YEAST"	1763.49323331951	1881.10346876999	1816.39894762804	1065.35179991402	1167.63971833922	1120.38597198015
"1/tr|C8Z953|C8Z953_YEAS8"	"YEAST"	763.709287089821	783.672304846115	780.708470342773	429.307843022602	439.912339859848	480.812463587644
"1/tr|C8Z957|C8Z957_YEAS8"	"YEAST"	205.826574592693	216.421682707479	135.592861387279	53.6397878790095	NA	104.566435425568
"1/tr|C8Z972|C8Z972_YEAS8"	"YEAST"	588.266511012787	579.264660287069	601.731085750898	345.07860811584	357.835406130605	339.979936871535
"1/tr|C8Z975|C8Z975_YEAS8"	"YEAST"	26903.3596677432	27425.1661118095	26648.1926357311	14115.2660759807	13388.6388859327	14326.2773454955
"1/tr|C8Z978|C8Z978_YEAS8"	"YEAST"	915.5983049901	927.285860754185	922.981515744618	524.287851270755	431.160066266038	485.662956045054
"1/tr|C8Z982|C8Z982_YEAS8"	"YEAST"	312.490173076447	361.580711835181	285.251357118276	169.240308303132	139.280045170464	147.420201942265
"1/tr|C8Z985|C8Z985_YEAS8"	"YEAST"	15104.5396542449	13583.7954877867	12218.1186607516	4999.55744774289	4812.85728116031	5203.11890963578
"1/tr|C8Z986|C8Z986_YEAS8"	"YEAST"	NA	NA	165.034102199166	NA	NA	NA
"1/tr|C8Z996|C8Z996_YEAS8"	"YEAST"	1008.51149090905	1084.74879509107	1202.35771892977	659.242131571851	516.430273491382	551.879194457993
"1/tr|C8Z9A2|C8Z9A2_YEAS8"	"YEAST"	850.796975815022	821.365188351192	789.259648064362	417.075267517488	361.071397924286	444.479790848468
"1/tr|C8Z9A4|C8Z9A4_YEAS8"	"YEAST"	428.71809418259	419.307139056694	337.899064730945	216.955830520647	233.927147006482	168.433311893981
"1/tr|C8Z9B0|C8Z9B0_YEAS8"	"YEAST"	522.946739012185	479.235227990507	466.31155065146	195.206610527321	264.85946840113	150.395557254206
"1/tr|C8Z9C3|C8Z9C3_YEAS8"	"YEAST"	396.896363515363	389.531057755372	513.749382660033	162.109189125761	334.20527928919	243.063111412718
"1/tr|C8Z9C4|C8Z9C4_YEAS8"	"YEAST"	NA	196.119278851483	NA	NA	NA	NA
"1/tr|C8Z9C6|C8Z9C6_YEAS8"	"YEAST"	4897.57030118134	4955.77172188677	4842.07349217126	2552.68020647063	2453.38208861607	2486.57964929796
"1/tr|C8Z9D1|C8Z9D1_YEAS8"	"YEAST"	1785.29337712144	1818.4945918444	1755.00645915351	775.208791833148	1034.80947967034	1135.61369130132
"1/tr|C8Z9D6|C8Z9D6_YEAS8"	"YEAST"	107.641554708884	NA	145.913742846681	NA	NA	NA
"1/tr|C8Z9E5|C8Z9E5_YEAS8"	"YEAST"	389.246520609373	383.204595428259	440.587383925449	95.4473891012265	94.0959583533816	104.030944586244
"1/tr|C8Z9E8|C8Z9E8_YEAS8"	"YEAST"	2693.95044466622	2664.75100401544	2356.41598331649	1235.11137071967	1497.1953088749	1629.02907639195
"1/tr|C8Z9F6|C8Z9F6_YEAS8"	"YEAST"	919.785669775157	526.509701962562	505.083841566456	280.856432576354	242.712903385554	279.027020740715
"1/tr|C8Z9H2|C8Z9H2_YEAS8"	"YEAST"	426.019939760849	453.293334665883	381.101999908297	206.288727851498	260.732599940211	178.329413444596
"1/tr|C8Z9H5|C8Z9H5_YEAS8"	"YEAST"	2051.09770029744	2180.47370847385	2019.43597477011	1330.99902205276	1323.12921990181	1383.32692294008
"1/tr|C8Z9H7|C8Z9H7_YEAS8"	"YEAST"	278.982065548908	163.574396871448	262.334071642237	NA	91.9559683446429	109.292563587467
"1/tr|C8Z9H8|C8Z9H8_YEAS8"	"YEAST"	1018.98508097947	1068.63980977356	1067.2043308147	564.140886919075	602.655700804457	508.45632042908
"1/tr|C8Z9H9|C8Z9H9_YEAS8"	"YEAST"	NA	NA	177.22237129111	NA	NA	NA
"1/tr|C8Z9K2|C8Z9K2_YEAS8"	"YEAST"	1806.91107234385	1909.6871921111	1688.72458592706	976.528438265301	1051.4571472264	982.915743679956
"1/tr|C8Z9K3|C8Z9K3_YEAS8"	"YEAST"	NA	271.533997707518	NA	NA	NA	NA
"1/tr|C8Z9K6|C8Z9K6_YEAS8"	"YEAST"	334.937355429533	590.909918240745	583.604696369082	281.067124028939	316.172689574508	400.020412055678
"1/tr|C8Z9L3|C8Z9L3_YEAS8"	"YEAST"	NA	109.950235224008	47.3687842738493	NA	NA	NA
"1/tr|C8Z9L7|C8Z9L7_YEAS8"	"YEAST"	110.592895133639	90.4526940414182	121.023213118697	NA	NA	NA
"1/tr|C8Z9N2|C8Z9N2_YEAS8"	"YEAST"	449.245140135583	460.762514268474	456.479819777375	251.709655490195	228.440386533287	247.369126764813
"1/tr|C8Z9N4|C8Z9N4_YEAS8"	"YEAST"	208.26807969081	135.650815242602	129.116834802741	NA	NA	NA
"1/tr|C8Z9P1|C8Z9P1_YEAS8"	"YEAST"	92.6005777060303	86.5860536913627	NA	61.9405515230282	NA	NA
"1/tr|C8Z9P7|C8Z9P7_YEAS8"	"YEAST"	778.695158803683	740.668856503792	721.532594124567	659.427608015826	615.927690396728	595.570086063986
"1/tr|C8Z9Q0|C8Z9Q0_YEAS8"	"YEAST"	174.345161019609	75.5363056246019	159.82857419075	76.760379501151	NA	91.0911333887232
"1/tr|C8Z9Q1|C8Z9Q1_YEAS8"	"YEAST"	230.055592089414	NA	NA	NA	NA	NA
"1/tr|C8Z9R4|C8Z9R4_YEAS8"	"YEAST"	248.253056224403	197.711701238171	NA	NA	NA	NA
"1/tr|C8Z9S1|C8Z9S1_YEAS8"	"YEAST"	NA	364.884308730534	506.326806975032	NA	NA	256.829494748414
"1/tr|C8Z9U1|C8Z9U1_YEAS8"	"YEAST"	134.483195582947	133.164283565819	207.848233909456	81.3448088798771	85.9116480640298	NA
"1/tr|C8Z9W0|C8Z9W0_YEAS8"	"YEAST"	401.006043471153	432.52363272927	409.73206204561	268.9376062699	NA	145.394771583051
"1/tr|C8Z9W8|C8Z9W8_YEAS8"	"YEAST"	437.984372843294	556.849089344656	96.4519449767595	98.731701367896	NA	NA
"1/tr|C8Z9X5|C8Z9X5_YEAS8"	"YEAST"	1256.88418368268	1235.46222331064	1236.17780724419	705.433377784877	613.067350666396	613.663458452939
"1/tr|C8Z9Y9|C8Z9Y9_YEAS8"	"YEAST"	605.755412208593	561.109657478683	555.771929484297	391.492956966174	315.300748093027	291.572427796249
"1/tr|C8Z9Z2|C8Z9Z2_YEAS8"	"YEAST"	1336.63161003387	1321.07805832877	1564.2504642286	573.631126242782	640.296054022465	750.541805474611
"1/tr|C8Z9Z6|C8Z9Z6_YEAS8"	"YEAST"	5482.70214892138	5913.9700286076	NA	NA	3251.31910934132	NA
"1/tr|C8ZA01|C8ZA01_YEAS8"	"YEAST"	238.156487759415	132.09919075396	420.435192396804	65.4009799708278	298.500474459935	291.50583458716
"1/tr|C8ZA04|C8ZA04_YEAS8"	"YEAST"	9712.09529417293	10572.6857564986	10083.6427366321	4947.00719232506	4884.66921265171	5016.53404962545
"1/tr|C8ZA09|C8ZA09_YEAS8"	"YEAST"	657.652980561907	686.479048991179	648.027750911378	355.711386774751	306.395777477974	394.743002795423
"1/tr|C8ZA29|C8ZA29_YEAS8"	"YEAST"	893.007575373276	943.391550226428	1086.18845640761	597.861964646334	559.48090071383	584.174633402597
"1/tr|C8ZA30|C8ZA30_YEAS8"	"YEAST"	1289.17628926393	1070.38494898895	1070.39203071067	NA	NA	NA
"1/tr|C8ZA43|C8ZA43_YEAS8"	"YEAST"	310.280444361905	436.339267673005	408.076726547266	194.423553208261	188.067959946694	270.22823589968
"1/tr|C8ZA51|C8ZA51_YEAS8"	"YEAST"	5014.5616726695	5148.36141351256	4781.66426578183	2474.13909593707	2437.3184910252	2508.37745062773
"1/tr|C8ZA54|C8ZA54_YEAS8"	"YEAST"	368.099610431818	803.021462221638	456.281365654781	NA	NA	231.037783583634
"1/tr|C8ZA65|C8ZA65_YEAS8"	"YEAST"	3419.3542813094	3574.94573799103	3453.7920476386	2040.44257836715	1909.49118859588	1991.91248883439
"1/tr|C8ZA75|C8ZA75_YEAS8"	"YEAST"	3461.12722982413	3549.15317271183	3078.02272497361	1885.05192259233	1815.63302560439	1802.76659393371
"1/tr|C8ZA76|C8ZA76_YEAS8"	"YEAST"	43.383923262896	NA	28.8935841217179	NA	NA	NA
"1/tr|C8ZA80|C8ZA80_YEAS8"	"YEAST"	157.064368751861	NA	NA	NA	NA	NA
"1/tr|C8ZA85|C8ZA85_YEAS8"	"YEAST"	992.830602389265	856.402449424216	1033.19114590559	543.812318320014	637.891567579757	589.202793794854
"1/tr|C8ZA86|C8ZA86_YEAS8"	"YEAST"	885.277307512921	848.100896219964	878.469564479076	423.422741735159	478.558301787189	501.999903550447
"1/tr|C8ZA87|C8ZA87_YEAS8"	"YEAST"	975.345138101349	980.687024505483	1014.8097835144	605.22752118453	469.379942751625	568.504540399694
"1/tr|C8ZA93|C8ZA93_YEAS8"	"YEAST"	548.567757837624	571.22851158723	570.124943301424	307.421516474038	291.46418527727	296.112783506941
"1/tr|C8ZA95|C8ZA95_YEAS8"	"YEAST"	611.062208909831	638.013259903919	599.757608295282	218.689972168414	210.074156253392	196.352130870654
"1/tr|C8ZA99|C8ZA99_YEAS8"	"YEAST"	NA	NA	256.003274283096	NA	NA	NA
"1/tr|C8ZAA7|C8ZAA7_YEAS8"	"YEAST"	459.818312427025	441.347032187415	428.534940392373	226.874521536641	280.462810002	186.468839566555
"1/tr|C8ZAA9|C8ZAA9_YEAS8"	"YEAST"	263.509647259189	NA	193.059847788527	NA	NA	NA
"1/tr|C8ZAB0|C8ZAB0_YEAS8"	"YEAST"	403.025915619949	404.638792231755	382.834785053793	175.340178547182	179.06278419025	179.359173431693
"1/tr|C8ZAB3|C8ZAB3_YEAS8"	"YEAST"	443.344902443061	500.791180309394	486.03955432148	323.518613915711	275.271715569241	252.673127203092
"1/tr|C8ZAB8|C8ZAB8_YEAS8"	"YEAST"	684.253479789321	692.427260003782	699.569061250343	982.677681245704	195.331028136288	181.160039907038
"1/tr|C8ZAC0|C8ZAC0_YEAS8"	"YEAST"	NA	153.790555836204	158.801130501044	NA	NA	NA
"1/tr|C8ZAC2|C8ZAC2_YEAS8"	"YEAST"	468.674637089967	464.775397164486	460.763350837764	NA	NA	NA
"1/tr|C8ZAC6|C8ZAC6_YEAS8"	"YEAST"	177.560559483697	160.127847786705	204.116851206007	NA	NA	NA
"1/tr|C8ZAC8|C8ZAC8_YEAS8"	"YEAST"	702.775323552585	511.557786566267	394.78290016923	257.922772998768	222.358046019841	237.612619680662
"1/tr|C8ZAD6|C8ZAD6_YEAS8"	"YEAST"	261.433631117791	277.789921481187	232.407558110767	367.428150874369	114.432598232032	115.39182711063
"1/tr|C8ZAD7|C8ZAD7_YEAS8"	"YEAST"	155.897216700769	121.848769857165	NA	NA	NA	99.7953680998631
"1/tr|C8ZAF6|C8ZAF6_YEAS8"	"YEAST"	932.073315780093	940.837496806906	927.167717563856	459.760676312676	486.915724084272	615.721500855044
"1/tr|C8ZAG7|C8ZAG7_YEAS8"	"YEAST"	1202.34048565778	1223.20806787991	1115.42067633055	731.468707982029	661.724388226902	773.184041826739
"1/tr|C8ZAH0|C8ZAH0_YEAS8"	"YEAST"	568.465172340805	800.612781604799	525.867013327913	295.677041261473	322.972370114292	380.417429736293
"1/tr|C8ZAH1|C8ZAH1_YEAS8"	"YEAST"	156.131880002197	NA	128.62832813015	NA	NA	NA
"1/tr|C8ZAI3|C8ZAI3_YEAS8"	"YEAST"	143.676867920048	140.880925571658	NA	NA	NA	NA
"1/tr|C8ZAI6|C8ZAI6_YEAS8"	"YEAST"	529.751456771831	528.406746561169	587.376045679524	252.986456643427	NA	NA
"1/tr|C8ZAJ3|C8ZAJ3_YEAS8"	"YEAST"	1097.1620323245	827.702947783942	1058.41627806298	436.350802295232	398.311592350905	390.277503150985
"1/tr|C8ZAJ5|C8ZAJ5_YEAS8"	"YEAST"	978.629502151168	979.845650186242	1029.93582236713	545.564917124914	516.193672045822	574.98352878241
"1/tr|C8ZAK3|C8ZAK3_YEAS8"	"YEAST"	160.352574550115	330.065853796684	336.411453692669	NA	NA	NA
"1/tr|C8ZAK5|C8ZAK5_YEAS8"	"YEAST"	911.3771100727	916.848828106096	891.109234428662	487.36254420179	516.243719731491	475.121024825487
"1/tr|C8ZAL2|C8ZAL2_YEAS8"	"YEAST"	213.319950792788	NA	217.251460373284	NA	NA	NA
"1/tr|C8ZAL3|C8ZAL3_YEAS8"	"YEAST"	537.006056709901	510.659839485946	493.481805236472	226.955462198975	217.132682184904	235.480848773435
"1/tr|C8ZAM6|C8ZAM6_YEAS8"	"YEAST"	208.110841333109	317.053432558992	201.226272908403	NA	NA	NA
"1/tr|C8ZAN9|C8ZAN9_YEAS8"	"YEAST"	604.940213528979	453.839719666538	NA	NA	NA	NA
"1/tr|C8ZAQ5|C8ZAQ5_YEAS8"	"YEAST"	108.452315970763	NA	146.908348070454	NA	NA	NA
"1/tr|C8ZAT6|C8ZAT6_YEAS8"	"YEAST"	700.711415272522	700.771954320232	670.847798725967	405.444710444223	323.217317480694	414.206176670755
"1/tr|C8ZAU0|C8ZAU0_YEAS8"	"YEAST"	676.248074026888	611.551158552369	614.756915089416	NA	301.339880748404	NA
"1/tr|C8ZAU1|C8ZAU1_YEAS8"	"YEAST"	428.41861695125	293.382790239763	324.049625213142	144.077864178913	96.5806872492291	NA
"1/tr|C8ZAV0|C8ZAV0_YEAS8"	"YEAST"	828.577421055523	864.986206107513	569.953499336741	212.362055123302	NA	NA
"1/tr|C8ZAW5|C8ZAW5_YEAS8"	"YEAST"	599.980882086185	755.057620569672	NA	NA	NA	NA
"1/tr|C8ZAX1|C8ZAX1_YEAS8"	"YEAST"	665.026683122226	685.134922000824	624.134381980137	175.35031564593	360.091478268922	342.172338961262
"1/tr|C8ZAX5|C8ZAX5_YEAS8"	"YEAST"	141.445316259855	308.661811061272	101.040612988544	NA	NA	48.5111842330595
"1/tr|C8ZAX6|C8ZAX6_YEAS8"	"YEAST"	NA	260.460219234085	NA	NA	NA	NA
"1/tr|C8ZAX7|C8ZAX7_YEAS8"	"YEAST"	344.174331712274	338.100886378522	269.484572091939	NA	NA	NA
"1/tr|C8ZAY1|C8ZAY1_YEAS8"	"YEAST"	435.436354586179	413.544017206188	1001.85119292231	457.314524063751	745.483219947253	642.457981197478
"1/tr|C8ZAY8|C8ZAY8_YEAS8"	"YEAST"	1081.09985249029	1513.60623234022	993.554811195874	696.21515528656	724.402457104281	665.258073231893
"1/tr|C8ZAY9|C8ZAY9_YEAS8"	"YEAST"	81.3571397554001	NA	NA	NA	NA	NA
"1/tr|C8ZB20|C8ZB20_YEAS8"	"YEAST"	325.915016285701	320.555803512719	346.279529636602	128.205148605744	251.819784920879	123.732704423955
"1/tr|C8ZB36|C8ZB36_YEAS8"	"YEAST"	120.711892052706	90.7940334812758	148.956450730471	NA	NA	NA
"1/tr|C8ZB47|C8ZB47_YEAS8"	"YEAST"	775.67159540204	695.526458384643	418.731927214838	321.392346810955	249.173462389288	336.498328833918
"1/tr|C8ZB52|C8ZB52_YEAS8"	"YEAST"	2333.18635036154	2396.29652472183	2272.51879968659	1165.13295162328	1245.48299595108	1276.80180279656
"1/tr|C8ZB67|C8ZB67_YEAS8"	"YEAST"	130.177617919297	126.989903104683	129.566978122201	NA	405.212545393337	NA
"1/tr|C8ZB87|C8ZB87_YEAS8"	"YEAST"	1445.35895840696	1427.94224474342	1418.81482323465	743.441629861379	837.598873375304	794.706849493784
"1/tr|C8ZB96|C8ZB96_YEAS8"	"YEAST"	399.238612699599	328.151221234267	330.040706194385	213.059136088636	178.127823624547	229.555220905027
"1/tr|C8ZBA6|C8ZBA6_YEAS8"	"YEAST"	1277.30370966271	1233.27779447018	1225.16486754405	392.298038257176	1250.92160728446	724.228239256825
"1/tr|C8ZBA7|C8ZBA7_YEAS8"	"YEAST"	NA	NA	435.021135395126	NA	NA	NA
"1/tr|C8ZBC5|C8ZBC5_YEAS8"	"YEAST"	292.229729392204	296.466697961656	291.538554369106	171.763693279845	NA	NA
"1/tr|C8ZBD2|C8ZBD2_YEAS8"	"YEAST"	1100.10592791948	1051.4838458673	1056.17787659981	610.955788055238	642.999458120783	586.46693650657
"1/tr|C8ZBE5|C8ZBE5_YEAS8"	"YEAST"	272.88161812508	177.186718450709	149.977810096726	NA	NA	NA
"1/tr|C8ZBF4|C8ZBF4_YEAS8"	"YEAST"	NA	238.307430975003	NA	NA	NA	NA
"1/tr|C8ZBF9|C8ZBF9_YEAS8"	"YEAST"	89.2582889085042	NA	NA	NA	NA	NA
"1/tr|C8ZBG2|C8ZBG2_YEAS8"	"YEAST"	3561.78815765455	3727.76900633219	3826.3375511562	1834.80647135532	1838.80140487493	1878.37980944888
"1/tr|C8ZBG4|C8ZBG4_YEAS8"	"YEAST"	858.597429405923	886.706160311328	860.535411400907	468.583748574985	473.748606573923	473.800809755675
"1/tr|C8ZBH9|C8ZBH9_YEAS8"	"YEAST"	7121.19512442651	6698.07838513404	5186.7232346539	2509.8643628994	2680.37071820682	3102.51585618622
"1/tr|C8ZBI7|C8ZBI7_YEAS8"	"YEAST"	15166.8984039823	15465.5792462849	15434.9730878776	8473.70851758588	8448.56470362276	8559.68785468663
"1/tr|C8ZBJ7|C8ZBJ7_YEAS8"	"YEAST"	474.714819800226	461.083756651232	448.357764838127	257.308325623206	264.42981985644	227.105743354324
"1/tr|C8ZBJ8|C8ZBJ8_YEAS8"	"YEAST"	173.705576083387	179.864142758437	195.78235471906	NA	NA	NA
"1/tr|C8ZBJ9|C8ZBJ9_YEAS8"	"YEAST"	226.461877772099	211.599793791052	248.797619807309	NA	NA	NA
"1/tr|C8ZBK3|C8ZBK3_YEAS8"	"YEAST"	429.51782716372	367.486739644648	425.81398661483	1285.23741278723	1150.73478243455	1137.00361220946
"1/tr|C8ZBL2|C8ZBL2_YEAS8"	"YEAST"	425.203385845205	685.940846062251	452.526258602388	404.780372303709	NA	407.787509880739
"1/tr|C8ZBL3|C8ZBL3_YEAS8"	"YEAST"	509.797465783145	479.000194589477	540.721395881249	264.79842933726	188.99730523117	291.312284083029
"1/tr|C8ZBL7|C8ZBL7_YEAS8"	"YEAST"	142.592807213608	179.901610984397	170.581000558369	NA	99.5653646909876	NA
"1/tr|C8ZBL8|C8ZBL8_YEAS8"	"YEAST"	432.134609643808	408.884083086093	423.939556010491	176.387480566539	131.994181894742	224.876166876784
"1/tr|C8ZBL9|C8ZBL9_YEAS8"	"YEAST"	188.227255846282	NA	NA	NA	66.298355240368	NA
"1/tr|C8ZBM3|C8ZBM3_YEAS8"	"YEAST"	77.2795549306563	NA	59.4195560898187	NA	NA	NA
"1/tr|C8ZBM4|C8ZBM4_YEAS8"	"YEAST"	2180.27770337691	2150.0001481292	2155.96604120303	1176.75357145998	1114.44906431992	1204.17518307258
"1/tr|C8ZBP1|C8ZBP1_YEAS8"	"YEAST"	2780.21783195377	2888.7117533786	3019.61812346214	1552.63792861302	1611.27622909341	1575.37259310124
"1/tr|C8ZBP3|C8ZBP3_YEAS8"	"YEAST"	115.63252557129	198.730572353629	144.203403143996	NA	NA	NA
"1/tr|C8ZBQ1|C8ZBQ1_YEAS8"	"YEAST"	2974.37001109765	3073.12887184721	2940.09985711308	1712.32374640996	1706.51361892131	1753.91275604388
"1/tr|C8ZBQ2|C8ZBQ2_YEAS8"	"YEAST"	1514.27720950749	1548.22943888617	1509.97102708113	815.45345891184	856.581776380732	853.12481146501
"1/tr|C8ZBQ7|C8ZBQ7_YEAS8"	"YEAST"	841.983792082598	1480.39926016801	1551.540315498	453.856298757478	449.114949988127	481.127068441333
"1/tr|C8ZBR5|C8ZBR5_YEAS8"	"YEAST"	264.544459127782	412.84294700423	393.513334179167	NA	114.777873630305	NA
"1/tr|C8ZBR9|C8ZBR9_YEAS8"	"YEAST"	9220.87794653554	9507.02394428268	9079.68725960422	4348.65228256355	4476.23501879119	4669.94453092727
"1/tr|C8ZBS1|C8ZBS1_YEAS8"	"YEAST"	10785.2900679401	9899.74562263781	8594.553025088	3733.43879972888	3766.2305290859	3899.54009007431
"1/tr|C8ZBT0|C8ZBT0_YEAS8"	"YEAST"	NA	NA	NA	NA	436.904468931524	NA
"1/tr|C8ZBT8|C8ZBT8_YEAS8"	"YEAST"	1375.74251477594	1407.6163537156	1403.65516653449	827.614654309685	869.573155862406	800.210324881234
"1/tr|C8ZBU8|C8ZBU8_YEAS8"	"YEAST"	283.679712999306	228.69039785174	208.462410334492	NA	NA	NA
"1/tr|C8ZBW4|C8ZBW4_YEAS8"	"YEAST"	NA	NA	178.293939050733	NA	NA	NA
"1/tr|C8ZBW8|C8ZBW8_YEAS8"	"YEAST"	266.243919717006	330.951219042679	318.100278858443	72.334581920867	NA	NA
"1/tr|C8ZBW9|C8ZBW9_YEAS8"	"YEAST"	1246.70636296941	1308.08830344055	1254.08210083121	NA	124.366948932858	140.924553862716
"1/tr|C8ZBX0|C8ZBX0_YEAS8"	"YEAST"	1011.9753109408	1003.78917113474	983.570599174221	527.977108844723	531.785262858353	517.961784355979
"1/tr|C8ZBY0|C8ZBY0_YEAS8"	"YEAST"	1754.99179083515	118.209156598464	142.55547233912	NA	NA	NA
"1/tr|C8ZBY1|C8ZBY1_YEAS8"	"YEAST"	175.055894244222	211.57317996007	220.081190009308	170.191668380173	138.107625875989	NA
"1/tr|C8ZBY3|C8ZBY3_YEAS8"	"YEAST"	NA	226.223183344197	NA	NA	NA	NA
"1/tr|C8ZBZ3|C8ZBZ3_YEAS8"	"YEAST"	2288.90325216321	2348.71660412713	2060.23524010665	1675.79501930595	1270.06085193358	1525.8791274624
"1/tr|C8ZBZ4|C8ZBZ4_YEAS8"	"YEAST"	308.584958121741	505.756352914019	197.893353362123	NA	NA	NA
"1/tr|C8ZC01|C8ZC01_YEAS8"	"YEAST"	31.3870668271286	NA	NA	NA	NA	NA
"1/tr|C8ZC17|C8ZC17_YEAS8"	"YEAST"	648.046887797699	544.668931273612	641.624601970116	320.376849712151	371.961908168948	332.875549638222
"1/tr|C8ZC23|C8ZC23_YEAS8"	"YEAST"	18944.390802764	18796.1426845668	18135.7405536005	10247.5210944893	9971.53245221511	10328.9778027933
"1/tr|C8ZC24|C8ZC24_YEAS8"	"YEAST"	356.96935700655	371.601935391835	364.736322505884	NA	NA	NA
"1/tr|C8ZC25|C8ZC25_YEAS8"	"YEAST"	1812.08903501057	1828.84629747555	1955.27236697495	1022.64991234495	993.825274331456	1015.73681841677
"1/tr|C8ZC27|C8ZC27_YEAS8"	"YEAST"	NA	288.520578002	424.731911729423	NA	NA	NA
"1/tr|C8ZC29|C8ZC29_YEAS8"	"YEAST"	614.689718858647	610.698182395938	437.295975047556	394.973651750902	424.509635055358	369.776467360745
"1/tr|C8ZC33|C8ZC33_YEAS8"	"YEAST"	672.540065660563	586.418331087105	648.067494920391	359.16586648284	229.109547868535	343.988701535666
"1/tr|C8ZC48|C8ZC48_YEAS8"	"YEAST"	103.205730818779	NA	NA	NA	NA	NA
"1/tr|C8ZC58|C8ZC58_YEAS8"	"YEAST"	381.703886234096	NA	400.8652003049	NA	NA	NA
"1/tr|C8ZC71|C8ZC71_YEAS8"	"YEAST"	654.548242146936	938.996376135777	844.824360673696	261.074917428107	687.680338117946	217.073046227067
"1/tr|C8ZC72|C8ZC72_YEAS8"	"YEAST"	790.900578523787	791.388148529156	716.055062715262	420.118012011123	274.618696243104	257.769280989195
"1/tr|C8ZC79|C8ZC79_YEAS8"	"YEAST"	473.404984666234	479.044869175778	522.820938254724	225.864129670969	353.390500138152	202.375372499625
"1/tr|C8ZC92|C8ZC92_YEAS8"	"YEAST"	3622.52013914091	3779.14863179869	3744.11886682019	2095.10506402012	2048.72598959563	2137.68132674418
"1/tr|C8ZC93|C8ZC93_YEAS8"	"YEAST"	727.66227673047	768.004491339878	726.371428306779	565.523547539152	524.724369663538	246.561575725564
"1/tr|C8ZCA5|C8ZCA5_YEAS8"	"YEAST"	2905.47160591106	2983.6385415677	1401.16263367017	864.856380326068	947.902980663775	1706.97965813552
"1/tr|C8ZCA7|C8ZCA7_YEAS8"	"YEAST"	450.957333824918	447.543073910155	484.149901706547	324.303493049779	NA	368.337364409594
"1/tr|C8ZCB2|C8ZCB2_YEAS8"	"YEAST"	10361.1170288637	10478.6143767749	10478.0410357337	5521.75603498787	5398.84593911181	5507.31110819778
"1/tr|C8ZCB6|C8ZCB6_YEAS8"	"YEAST"	1950.31068014934	1928.14500108231	1973.54423772852	1067.89009395395	1037.8014559209	1117.82796125053
"1/tr|C8ZCD0|C8ZCD0_YEAS8"	"YEAST"	77.5458935074267	NA	97.1269363303272	NA	NA	NA
"1/tr|C8ZCD4|C8ZCD4_YEAS8"	"YEAST"	1703.35009926979	1673.83323663408	1755.02024519727	971.425905894992	930.716081811689	999.687713154946
"1/tr|C8ZCF4|C8ZCF4_YEAS8"	"YEAST"	205.53274919889	184.732754900052	220.971785470666	NA	NA	NA
"1/tr|C8ZCF7|C8ZCF7_YEAS8"	"YEAST"	830.147239266604	231.556032608408	259.15221780134	239.873888852176	224.117033270851	NA
"1/tr|C8ZCF9|C8ZCF9_YEAS8"	"YEAST"	157.592763550309	176.009843566653	163.841438422896	NA	NA	NA
"1/tr|C8ZCG6|C8ZCG6_YEAS8"	"YEAST"	NA	NA	198.767362646696	NA	NA	NA
"1/tr|C8ZCG7|C8ZCG7_YEAS8"	"YEAST"	881.595085223582	882.593184800783	888.774284939837	317.266729912282	430.187142245781	521.928760817636
"1/tr|C8ZCH9|C8ZCH9_YEAS8"	"YEAST"	352.434631981468	304.337549462989	NA	NA	NA	263.364510891386
"1/tr|C8ZCI2|C8ZCI2_YEAS8"	"YEAST"	106.423453355349	NA	86.4510724867181	NA	NA	NA
"1/tr|C8ZCK0|C8ZCK0_YEAS8"	"YEAST"	NA	NA	64.9946182347421	NA	NA	NA
"1/tr|C8ZCK8|C8ZCK8_YEAS8"	"YEAST"	245.253390245212	214.271461546703	196.292149508556	63.0367393037314	NA	74.8470100176728
"1/tr|C8ZCL1|C8ZCL1_YEAS8"	"YEAST"	533.96042203825	514.246788653982	490.987209422617	357.631320992443	373.400851638893	328.319727016547
"1/tr|C8ZCL2|C8ZCL2_YEAS8"	"YEAST"	308.229039838192	348.977304229848	384.862122193927	153.211553278665	160.462885128181	209.304573891041
"1/tr|C8ZCL3|C8ZCL3_YEAS8"	"YEAST"	119.420110345204	NA	NA	NA	NA	NA
"1/tr|C8ZCM2|C8ZCM2_YEAS8"	"YEAST"	8234.34367469333	8555.33562351839	8065.80365553878	4415.71356922341	4178.69226529192	4411.37543182202
"1/tr|C8ZCM8|C8ZCM8_YEAS8"	"YEAST"	556.194070810428	591.515457005819	599.101471569646	183.935664735118	NA	NA
"1/tr|C8ZCP2|C8ZCP2_YEAS8"	"YEAST"	187.62341501056	192.239017344318	199.360984648251	NA	NA	NA
"1/tr|C8ZCS5|C8ZCS5_YEAS8"	"YEAST"	1673.00908616405	1805.28132717135	1860.81985017244	961.423808192337	887.744886267227	974.895416449565
"1/tr|C8ZCS7|C8ZCS7_YEAS8"	"YEAST"	NA	NA	53.5279374599115	NA	NA	NA
"1/tr|C8ZCS9|C8ZCS9_YEAS8"	"YEAST"	3578.08735461189	3604.94602550813	3429.9887138421	NA	NA	NA
"1/tr|C8ZCT3|C8ZCT3_YEAS8"	"YEAST"	246.992682159623	231.853023397249	270.316329311299	NA	NA	NA
"1/tr|C8ZCU4|C8ZCU4_YEAS8"	"YEAST"	137.249142071528	140.086638744229	66.5672395409814	NA	NA	NA
"1/tr|C8ZCU6|C8ZCU6_YEAS8"	"YEAST"	1815.16309566707	1705.90802389927	1773.35780927887	972.074639955848	959.448041832928	995.344549900498
"1/tr|C8ZCU8|C8ZCU8_YEAS8"	"YEAST"	5267.7838951416	5401.22379251272	5256.03286962556	2601.39626649905	2517.90997292859	2607.7983392447
"1/tr|C8ZCV6|C8ZCV6_YEAS8"	"YEAST"	2615.64549257364	2626.54484803399	2659.78337452984	1588.56141274284	1663.99508270084	1667.43597147956
"1/tr|C8ZCW5|C8ZCW5_YEAS8"	"YEAST"	88.6370238414179	86.5700128453358	137.486836366955	NA	NA	NA
"1/tr|C8ZCX2|C8ZCX2_YEAS8"	"YEAST"	NA	180.983724818006	180.036058196847	NA	NA	227.250902622292
"1/tr|C8ZCY1|C8ZCY1_YEAS8"	"YEAST"	129.959087222392	NA	NA	NA	NA	NA
"1/tr|C8ZCZ7|C8ZCZ7_YEAS8"	"YEAST"	62.0720457299317	50.7263327541077	66.5985975055997	NA	30.6979595531937	NA
"1/tr|C8ZCZ9|C8ZCZ9_YEAS8"	"YEAST"	773.137128249063	777.889411859913	769.777159504007	459.734556947924	427.39124165036	382.016969925779
"1/tr|C8ZD00|C8ZD00_YEAS8"	"YEAST"	436.317086235314	370.255249348625	396.394279617286	209.83304425139	153.684751674997	181.088132121733
"1/tr|C8ZD01|C8ZD01_YEAS8"	"YEAST"	2990.19026769817	3314.19558765976	3074.25393353119	1782.16677977091	1602.27930021983	1621.40639319247
"1/tr|C8ZD06|C8ZD06_YEAS8"	"YEAST"	66.6841667492333	60.7043309165407	46.409808659953	NA	NA	NA
"1/tr|C8ZD15|C8ZD15_YEAS8"	"YEAST"	411.937527705419	478.271562233236	441.677086297762	315.93230837199	345.157242852132	NA
"1/tr|C8ZD16|C8ZD16_YEAS8"	"YEAST"	43094.3696137172	44535.84534038	41759.1663373267	20804.5551632168	19957.9987895186	21676.2693414465
"1/tr|C8ZD28|C8ZD28_YEAS8"	"YEAST"	872.519560689174	1053.98259858165	1061.48922895018	491.868165373002	448.733571520398	413.311886567153
"1/tr|C8ZD30|C8ZD30_YEAS8"	"YEAST"	1005.61822721371	959.006142657309	983.592231711671	670.39974294872	636.361224341997	663.21722756897
"1/tr|C8ZD32|C8ZD32_YEAS8"	"YEAST"	1051.66215415346	935.784851638008	1104.47105312202	896.910652707724	564.053379360906	649.490542252132
"1/tr|C8ZD33|C8ZD33_YEAS8"	"YEAST"	712.198594616715	983.196380558624	924.559142014531	350.106740316761	331.378872945596	336.719932454192
"1/tr|C8ZD41|C8ZD41_YEAS8"	"YEAST"	141.929587295526	NA	NA	NA	NA	NA
"1/tr|C8ZD46|C8ZD46_YEAS8"	"YEAST"	5191.85585109335	5270.59349983751	4964.71322712084	2354.46801190152	2284.39630762617	2514.68271685959
"1/tr|C8ZD71|C8ZD71_YEAS8"	"YEAST"	559.194223426432	976.101069322627	429.898369208652	759.743194135849	195.702112285663	NA
"1/tr|C8ZD80|C8ZD80_YEAS8"	"YEAST"	8535.38457546123	8609.8227264825	8279.32464622439	4146.81887778601	4199.63509748308	4323.12146238241
"1/tr|C8ZDA3|C8ZDA3_YEAS8"	"YEAST"	NA	NA	569.188427846368	NA	NA	NA
"1/tr|C8ZDC1|C8ZDC1_YEAS8"	"YEAST"	1184.17211902711	1171.15112573975	1206.5125064282	527.056620444609	499.926487474801	601.780219430578
"1/tr|C8ZDC4|C8ZDC4_YEAS8"	"YEAST"	1480.77620117447	1494.43166812599	1591.3576713248	826.565242997193	957.474059286018	963.291694030489
"1/tr|C8ZDE0|C8ZDE0_YEAS8"	"YEAST"	2500.75872348982	2681.47602427119	2594.51053781888	1374.03932979008	1386.63880453045	1448.96028619119
"1/tr|C8ZDE5|C8ZDE5_YEAS8"	"YEAST"	200.238088916056	NA	NA	NA	NA	NA
"1/tr|C8ZDE7|C8ZDE7_YEAS8"	"YEAST"	221.401379745825	NA	211.759771616528	NA	NA	NA
"1/tr|C8ZDE8|C8ZDE8_YEAS8"	"YEAST"	323.987708600183	225.419478343918	401.60109667288	NA	NA	NA
"1/tr|C8ZDF0|C8ZDF0_YEAS8"	"YEAST"	494.812744170854	502.570491955626	520.883832505245	386.582447741486	303.032454987683	304.119068508374
"1/tr|C8ZDF1|C8ZDF1_YEAS8"	"YEAST"	464.964015415752	464.792080366807	426.877637308748	190.112121647875	192.859426630768	196.647697111605
"1/tr|C8ZDF6|C8ZDF6_YEAS8"	"YEAST"	558.474013469679	572.337529415899	532.418715886813	264.852217199347	303.421716416701	268.01553010178
"1/tr|C8ZDF9|C8ZDF9_YEAS8"	"YEAST"	734.255623630914	810.144900227684	828.726160211238	495.210928289753	433.078828068626	488.650706844941
"1/tr|C8ZDG2|C8ZDG2_YEAS8"	"YEAST"	122.268137928738	206.614809938053	156.312721888457	234.574972958527	93.5173996228984	NA
"1/tr|C8ZDG3|C8ZDG3_YEAS8"	"YEAST"	1001.08960113826	977.816961520952	1095.74957463362	504.524142065761	562.19632785866	469.128120881353
"1/tr|C8ZDH2|C8ZDH2_YEAS8"	"YEAST"	582.215152778326	580.912844360374	650.441948396792	448.116633521134	277.090424363776	426.492728623383
"1/tr|C8ZDI0|C8ZDI0_YEAS8"	"YEAST"	1144.21955379582	1097.29096361024	1169.13856411101	601.738646729855	528.268782110193	567.355765919375
"1/tr|C8ZDI6|C8ZDI6_YEAS8"	"YEAST"	171.269174548379	NA	NA	NA	NA	NA
"1/tr|C8ZDJ3|C8ZDJ3_YEAS8"	"YEAST"	172.048150076272	168.685869213281	171.896394198105	NA	124.768128783864	NA
"1/tr|C8ZDK7|C8ZDK7_YEAS8"	"YEAST"	NA	69.3818137286697	67.1733030218663	NA	NA	NA
"1/tr|C8ZDL2|C8ZDL2_YEAS8"	"YEAST"	8102.70593141265	8484.73241457596	7937.11348925237	4191.32517718898	4027.21407278666	4213.36308516428
"1/tr|C8ZDM0|C8ZDM0_YEAS8"	"YEAST"	194.338009969362	NA	NA	NA	NA	NA
"1/tr|C8ZDM2|C8ZDM2_YEAS8"	"YEAST"	6172.36921554165	6068.04507277757	6162.43307824848	3049.71210631814	2918.72690125761	3068.34823215542
"1/tr|C8ZDN4|C8ZDN4_YEAS8"	"YEAST"	578.093317390075	443.354550296971	603.966988161524	255.176191807876	239.467268546771	144.785713433179
"1/tr|C8ZDP0|C8ZDP0_YEAS8"	"YEAST"	431.841324450987	NA	358.265018221545	735.320234181603	NA	NA
"1/tr|C8ZDQ5|C8ZDQ5_YEAS8"	"YEAST"	223.832234938474	NA	NA	NA	NA	NA
"1/tr|C8ZDR3|C8ZDR3_YEAS8"	"YEAST"	100.827625114185	106.704348548958	266.849924270037	NA	NA	NA
"1/tr|C8ZDR6|C8ZDR6_YEAS8"	"YEAST"	2523.30857959677	2560.98522946587	2542.1769416755	1548.11759141235	1514.43815669649	1603.39648998423
"1/tr|C8ZDR7|C8ZDR7_YEAS8"	"YEAST"	1441.30268499299	1380.27193077032	1446.69504725039	806.212553064387	768.166719603738	818.311712103952
"1/tr|C8ZDS7|C8ZDS7_YEAS8"	"YEAST"	346.697759923849	327.024125575118	350.34008352151	370.420537482661	225.631957102435	NA
"1/tr|C8ZDT6|C8ZDT6_YEAS8"	"YEAST"	2143.67936949312	2296.54841265427	3590.32112042824	1178.73413970765	NA	1238.23949742921
"1/tr|C8ZDU5|C8ZDU5_YEAS8"	"YEAST"	261.415246733207	NA	NA	NA	NA	NA
"1/tr|C8ZDU8|C8ZDU8_YEAS8"	"YEAST"	7566.32506944453	7655.91083902568	7446.41670377241	4093.08650206547	4255.24984281459	4386.86426633659
"1/tr|C8ZDV4|C8ZDV4_YEAS8"	"YEAST"	228.095191734732	185.58505646959	186.255333163941	NA	NA	NA
"1/tr|C8ZDV9|C8ZDV9_YEAS8"	"YEAST"	447.818459212442	473.646827508309	448.771300590544	222.169048715333	301.630139680084	265.051520002599
"1/tr|C8ZDW1|C8ZDW1_YEAS8"	"YEAST"	1976.5367875766	2180.83547855238	2123.62221330647	1301.36352185591	1284.0777696923	1326.22429407426
"1/tr|C8ZDW2|C8ZDW2_YEAS8"	"YEAST"	3659.31190739907	3740.68223134617	3575.11742300104	1855.15911173913	1857.54345338904	1910.72598223608
"1/tr|C8ZDW6|C8ZDW6_YEAS8"	"YEAST"	863.960038816498	873.917839185779	850.520578641246	368.841397609702	409.674214409172	452.194171154826
"1/tr|C8ZDY0|C8ZDY0_YEAS8"	"YEAST"	222.3780013366	237.674269555669	252.976848148072	NA	NA	NA
"1/tr|C8ZDZ3|C8ZDZ3_YEAS8"	"YEAST"	NA	148.951683725985	NA	NA	NA	NA
"1/tr|C8ZDZ7|C8ZDZ7_YEAS8"	"YEAST"	582.093025042765	588.195903243769	572.20699248518	288.965359763804	316.374541400534	293.881697170734
"1/tr|C8ZE00|C8ZE00_YEAS8"	"YEAST"	1018.34157321292	1034.54802726866	1072.81768316623	516.049143132305	496.509663706668	525.579301499654
"1/tr|C8ZE19|C8ZE19_YEAS8"	"YEAST"	NA	NA	93.7755613946186	NA	NA	NA
"1/tr|C8ZE20|C8ZE20_YEAS8"	"YEAST"	NA	NA	61.1093080452697	NA	NA	NA
"1/tr|C8ZE29|C8ZE29_YEAS8"	"YEAST"	48.9970320910936	NA	50.6170427863938	NA	NA	NA
"1/tr|C8ZE37|C8ZE37_YEAS8"	"YEAST"	327.641014029285	319.095116714432	416.51435177294	433.011064385835	NA	NA
"1/tr|C8ZE40|C8ZE40_YEAS8"	"YEAST"	1453.53131648023	1445.2136597367	1464.29225098646	774.894754238321	841.355948877423	813.174160103733
"1/tr|C8ZE45|C8ZE45_YEAS8"	"YEAST"	1236.28294576253	1264.32637888566	1266.78452761666	642.440971674479	625.732171737024	652.861188204316
"1/tr|C8ZE49|C8ZE49_YEAS8"	"YEAST"	2710.89894421831	2909.09204342614	2804.94148898687	1638.53565183793	1662.0660264245	1741.53974718215
"1/tr|C8ZE54|C8ZE54_YEAS8"	"YEAST"	274.627125939682	222.333684002031	176.696995561865	380.875105041895	NA	NA
"1/tr|C8ZE55|C8ZE55_YEAS8"	"YEAST"	2508.79862355148	2489.76387039986	2425.6577969245	1372.25326177384	1329.54092322557	1371.73242414242
"1/tr|C8ZE56|C8ZE56_YEAS8"	"YEAST"	425.926739427859	486.980506474294	NA	NA	NA	NA
"1/tr|C8ZE71|C8ZE71_YEAS8"	"YEAST"	143.528075754615	NA	NA	NA	NA	NA
"1/tr|C8ZE74|C8ZE74_YEAS8"	"YEAST"	191.147468020881	258.990148472796	232.880341808502	NA	NA	143.562109792261
"1/tr|C8ZE76|C8ZE76_YEAS8"	"YEAST"	2617.94876981583	2476.70584261972	2848.77516545853	1463.96775901781	1535.7175381043	1540.61016254616
"1/tr|C8ZE77|C8ZE77_YEAS8"	"YEAST"	NA	NA	82.6440961479705	NA	NA	NA
"1/tr|C8ZE78|C8ZE78_YEAS8"	"YEAST"	93.5307430404977	87.7731948385189	94.2462628745286	109.519364981484	NA	59.4004472482844
"1/tr|C8ZE82|C8ZE82_YEAS8"	"YEAST"	299.877480314146	281.398130498867	891.380514993907	180.898662197181	575.157129447008	662.868515621233
"1/tr|C8ZE96|C8ZE96_YEAS8"	"YEAST"	473.1113157547	446.947903750694	425.732660921747	191.247604276041	132.530070999154	267.009341506924
"1/tr|C8ZEA4|C8ZEA4_YEAS8"	"YEAST"	316.734312181277	347.857370033201	425.853300775086	122.873048344018	197.9726518135	193.505063786456
"1/tr|C8ZEB3|C8ZEB3_YEAS8"	"YEAST"	337.46190853456	630.725472896423	296.725681431687	454.768777940691	131.094636148589	545.867647838264
"1/tr|C8ZEB8|C8ZEB8_YEAS8"	"YEAST"	267.779683794555	283.620973637081	285.270852343756	NA	NA	NA
"1/tr|C8ZEB9|C8ZEB9_YEAS8"	"YEAST"	625.071605330606	628.692434705158	575.37157618166	278.916413485454	138.282651227732	NA
"1/tr|C8ZEC3|C8ZEC3_YEAS8"	"YEAST"	359.662187397199	337.845546181802	313.151604195793	NA	NA	177.636307125057
"1/tr|C8ZEC7|C8ZEC7_YEAS8"	"YEAST"	876.75280056893	883.497334416972	880.587498294391	494.990770437079	514.973538973798	482.248916890816
"1/tr|C8ZED1|C8ZED1_YEAS8"	"YEAST"	903.471445509606	915.387180120259	899.658813293478	525.81938477795	432.022131620385	502.792612593203
"1/tr|C8ZED2|C8ZED2_YEAS8"	"YEAST"	1567.06825587262	1488.5742393134	1464.32057235509	760.886437530389	609.935638242104	759.306786104276
"1/tr|C8ZED3|C8ZED3_YEAS8"	"YEAST"	NA	59.8653568182374	NA	NA	NA	NA
"1/tr|C8ZED5|C8ZED5_YEAS8"	"YEAST"	740.13166382789	736.308081511278	733.147300355817	770.208170934228	760.111012605718	413.903647811092
"1/tr|C8ZED6|C8ZED6_YEAS8"	"YEAST"	NA	NA	33.0774638944889	NA	113.123135380191	18.6934962840842
"1/tr|C8ZEE2|C8ZEE2_YEAS8"	"YEAST"	3533.20581589331	3798.40238978341	3678.63044373563	1995.07055239441	1863.32596490564	1950.56484574557
"1/tr|C8ZEE7|C8ZEE7_YEAS8"	"YEAST"	540.022664508299	597.229471936668	635.993382222367	NA	NA	NA
"1/tr|C8ZEF1|C8ZEF1_YEAS8"	"YEAST"	1087.05036125773	1091.9770696621	1126.49149390428	1115.42167438084	1067.52675894391	962.94253198764
"1/tr|C8ZEF2|C8ZEF2_YEAS8"	"YEAST"	NA	NA	58.1337554932956	NA	NA	NA
"1/tr|C8ZEF3|C8ZEF3_YEAS8"	"YEAST"	161.225980101454	NA	154.050908190227	NA	NA	NA
"1/tr|C8ZEG0|C8ZEG0_YEAS8"	"YEAST"	177.544271308393	NA	253.448045805881	NA	NA	46.6871261412906
"1/tr|C8ZEH0|C8ZEH0_YEAS8"	"YEAST"	136.109477927875	391.62438014987	NA	NA	NA	NA
"1/tr|C8ZEH6|C8ZEH6_YEAS8"	"YEAST"	7767.32409449364	8297.49502381446	8165.95959064064	3814.52217294299	3889.34173105281	4034.29079373745
"1/tr|C8ZEI2|C8ZEI2_YEAS8"	"YEAST"	687.221130362925	440.650949007312	604.765268413682	NA	NA	NA
"1/tr|C8ZEJ5|C8ZEJ5_YEAS8"	"YEAST"	NA	NA	100.07554900194	NA	NA	NA
"1/tr|C8ZEJ9|C8ZEJ9_YEAS8"	"YEAST"	1514.51438506139	1532.1900308304	1503.92685624631	825.383947367683	850.734780575341	813.880231293012
"1/tr|C8ZEK3|C8ZEK3_YEAS8"	"YEAST"	374.60722702508	347.92874043613	367.985161647818	218.798518865829	197.128005232458	179.883714475711
"1/tr|C8ZEK6|C8ZEK6_YEAS8"	"YEAST"	318.388668604677	312.296688230647	284.07043469631	156.170879644341	204.139478417445	158.280492859347
"1/tr|C8ZEL4|C8ZEL4_YEAS8"	"YEAST"	178.903044950218	194.702719085701	NA	NA	NA	NA
"1/tr|C8ZEL7|C8ZEL7_YEAS8"	"YEAST"	141.113300217944	140.953962180283	234.752396992195	NA	NA	NA
"1/tr|C8ZEL8|C8ZEL8_YEAS8"	"YEAST"	643.04598536458	665.372744152582	606.196645401309	389.816241056657	341.626098329298	382.236015568353
"1/tr|C8ZEM3|C8ZEM3_YEAS8"	"YEAST"	329.877181770584	NA	176.103385559048	309.803927108151	233.383407821082	NA
"1/tr|C8ZEN4|C8ZEN4_YEAS8"	"YEAST"	328.91280248715	443.558416819325	405.761998805734	177.866596975638	138.891203045126	159.405406860358
"1/tr|C8ZEQ4|C8ZEQ4_YEAS8"	"YEAST"	100.69828830179	109.240005843953	113.805044468453	NA	NA	NA
"1/tr|C8ZES4|C8ZES4_YEAS8"	"YEAST"	683.758989455255	479.944111410896	491.279857912493	176.887143577654	259.428487659648	470.822744094736
"1/tr|C8ZET2|C8ZET2_YEAS8"	"YEAST"	606.809801428423	569.469220012046	408.934090924398	287.360520258476	266.690956168491	194.641090794247
"1/tr|C8ZET6|C8ZET6_YEAS8"	"YEAST"	1718.06351560843	1599.55922167101	1678.50091510991	967.339753942852	934.032663738717	890.791661608388
"1/tr|C8ZEU2|C8ZEU2_YEAS8"	"YEAST"	153.672681973154	NA	NA	NA	NA	NA
"1/tr|C8ZEU3|C8ZEU3_YEAS8"	"YEAST"	205.952462571011	335.464305939549	NA	174.128952691786	NA	83.4299603041413
"1/tr|C8ZEU8|C8ZEU8_YEAS8"	"YEAST"	126.526691362203	NA	154.76220342347	NA	NA	NA
"1/tr|C8ZEV1|C8ZEV1_YEAS8"	"YEAST"	767.544114929002	774.219202839658	791.784165907645	432.641067012036	386.369531700285	307.481248955903
"1/tr|C8ZEV7|C8ZEV7_YEAS8"	"YEAST"	720.858378487375	810.648113020508	738.374717230256	501.93886823243	483.006691847837	531.169494610468
"1/tr|C8ZEW1|C8ZEW1_YEAS8"	"YEAST"	1478.43852418822	1395.89827762202	1347.65540398936	762.186205390054	812.444709473867	752.084522024539
"1/tr|C8ZEW3|C8ZEW3_YEAS8"	"YEAST"	453.272031447901	509.985188850645	535.273434494397	142.351505509818	219.428502615222	120.964008268757
"1/tr|C8ZEW9|C8ZEW9_YEAS8"	"YEAST"	6618.41778996301	6949.672067848	6831.83525514898	3580.22512112677	3279.921524248	3596.7744645379
"1/tr|C8ZEX4|C8ZEX4_YEAS8"	"YEAST"	388.593588141562	413.196665900711	395.253487086451	NA	NA	NA
"1/tr|C8ZEY6|C8ZEY6_YEAS8"	"YEAST"	77.9105806593632	60.7850979084162	119.549291912884	NA	NA	NA
"1/tr|C8ZF02|C8ZF02_YEAS8"	"YEAST"	564.882326731072	587.787506968258	567.035711717205	251.516113034166	472.162690368362	278.816836963484
"1/tr|C8ZF03|C8ZF03_YEAS8"	"YEAST"	683.211637048034	611.744666824039	224.830748552348	NA	397.673136712781	343.491105722784
"1/tr|C8ZF29|C8ZF29_YEAS8"	"YEAST"	311.915086290836	266.618243796455	291.866173601895	132.866427429673	293.106619944489	172.005880269577
"1/tr|C8ZF30|C8ZF30_YEAS8"	"YEAST"	107.849673582767	70.5082876511154	118.880429094205	NA	NA	NA
"1/tr|C8ZF50|C8ZF50_YEAS8"	"YEAST"	3762.38479243598	3581.76461162189	3718.20939358319	2053.29361503639	1884.53527920535	1941.65947514992
"1/tr|C8ZF61|C8ZF61_YEAS8"	"YEAST"	NA	NA	221.354446712857	NA	NA	NA
"1/tr|C8ZF67|C8ZF67_YEAS8"	"YEAST"	784.690789351029	726.859548448333	760.708094263902	374.233837336612	355.99145198128	456.959567268717
"1/tr|C8ZF68|C8ZF68_YEAS8"	"YEAST"	669.972127863432	624.089520675454	678.91256318153	317.80718737774	NA	NA
"1/tr|C8ZF70|C8ZF70_YEAS8"	"YEAST"	884.341781092354	975.800291175063	967.27784253059	530.167002140403	548.218019582484	390.606886473825
"1/tr|C8ZF79|C8ZF79_YEAS8"	"YEAST"	127.324810792391	130.483693367602	132.552557103326	104.025226922946	NA	52.8452487350746
"1/tr|C8ZF81|C8ZF81_YEAS8"	"YEAST"	1502.14728032471	1488.38307348206	1341.10765945343	795.425728116373	815.763906378957	784.606364432591
"1/tr|C8ZF90|C8ZF90_YEAS8"	"YEAST"	907.800887294993	904.635302130561	908.603329900028	601.044309632288	573.664096236806	511.007302764827
"1/tr|C8ZF93|C8ZF93_YEAS8"	"YEAST"	384.798613809735	1811.72266484988	355.145829961194	198.568557034934	330.79631696906	192.668425205399
"1/tr|C8ZFA0|C8ZFA0_YEAS8"	"YEAST"	400.442499748078	478.365455275089	415.758655913668	106.156126379528	217.442649154504	238.773512880773
"1/tr|C8ZFA6|C8ZFA6_YEAS8"	"YEAST"	120.841065256232	249.070053034095	223.481479814188	63.9365867232675	NA	19.9145081587736
"1/tr|C8ZFA7|C8ZFA7_YEAS8"	"YEAST"	7282.2162389601	7659.07299782929	7271.63570259383	3991.34818648954	2968.95866545385	3080.13638817113
"1/tr|C8ZFB2|C8ZFB2_YEAS8"	"YEAST"	434.787494480236	427.204367407752	271.496933263995	227.023946522386	NA	NA
"1/tr|C8ZFB5|C8ZFB5_YEAS8"	"YEAST"	5253.78474298149	5573.41423836012	5417.58770665606	5683.93584350093	4979.58044567246	5791.48217692807
"1/tr|C8ZFC6|C8ZFC6_YEAS8"	"YEAST"	371.463949837407	374.050064518214	212.389914996401	151.86786173987	208.945046297487	141.066227181142
"1/tr|C8ZFC7|C8ZFC7_YEAS8"	"YEAST"	NA	163.921325451964	NA	NA	398.330178037248	NA
"1/tr|C8ZFF7|C8ZFF7_YEAS8"	"YEAST"	365.927547314353	351.69413099657	202.747740847977	NA	NA	NA
"1/tr|C8ZFG5|C8ZFG5_YEAS8"	"YEAST"	NA	80.9221862412181	76.7923207793255	NA	NA	NA
"1/tr|C8ZFG6|C8ZFG6_YEAS8"	"YEAST"	125.463418074647	133.763816417555	147.835199715606	NA	NA	NA
"1/tr|C8ZFH0|C8ZFH0_YEAS8"	"YEAST"	275.822198920639	NA	NA	NA	NA	NA
"1/tr|C8ZFH4|C8ZFH4_YEAS8"	"YEAST"	29.3153022181452	NA	NA	NA	NA	NA
"1/tr|C8ZFH7|C8ZFH7_YEAS8"	"YEAST"	705.890752210157	678.944847881169	642.919346713806	357.060791460319	322.021556348504	342.463276341871
"1/tr|C8ZFH9|C8ZFH9_YEAS8"	"YEAST"	146.036114843334	176.500999270909	199.019273441716	NA	NA	NA
"1/tr|C8ZFI0|C8ZFI0_YEAS8"	"YEAST"	239.182288679229	233.237608230339	202.808968489564	60.9615298213981	52.504874484409	133.971516833061
"1/tr|C8ZFI5|C8ZFI5_YEAS8"	"YEAST"	1010.29616277896	197.513763746294	299.932025754632	118.722573959713	195.690760697006	170.346463066916
"1/tr|C8ZFI6|C8ZFI6_YEAS8"	"YEAST"	618.711338321145	571.404873872364	553.103305913683	167.18385289167	183.404664312881	148.533792796724
"1/tr|C8ZFJ1|C8ZFJ1_YEAS8"	"YEAST"	459.855192457943	422.285428794242	474.1056850237	248.026865643064	276.20177804973	251.880495535637
"1/tr|C8ZFL1|C8ZFL1_YEAS8"	"YEAST"	1059.43873399641	1081.54369779031	1023.05409762695	455.591813002016	559.717676248157	645.295842274977
"1/tr|C8ZFL2|C8ZFL2_YEAS8"	"YEAST"	480.229688047316	474.205618823688	443.804730466654	268.324295625351	NA	NA
"1/tr|C8ZFL6|C8ZFL6_YEAS8"	"YEAST"	432.448421420123	437.128989013009	331.662616057883	NA	158.70100749535	NA
"1/tr|C8ZFL9|C8ZFL9_YEAS8"	"YEAST"	521.279814081987	643.424800465133	463.600679793876	261.558904531197	249.180638215702	196.857010220211
"1/tr|C8ZFM4|C8ZFM4_YEAS8"	"YEAST"	170.018585853747	149.498359340069	159.200865626671	NA	NA	NA
"1/tr|C8ZFM6|C8ZFM6_YEAS8"	"YEAST"	2987.9484584557	3049.26546217367	2982.90477624475	1554.32085341162	1463.09216281659	1554.96514805183
"1/tr|C8ZFP3|C8ZFP3_YEAS8"	"YEAST"	1272.61870912479	1425.30458921326	1274.92630870592	898.406801201728	676.660555665064	876.107400732192
"1/tr|C8ZFP6|C8ZFP6_YEAS8"	"YEAST"	246.086732244327	257.46666906833	227.959748741899	145.03982572839	NA	NA
"1/tr|C8ZFP8|C8ZFP8_YEAS8"	"YEAST"	NA	NA	114.592901604076	NA	NA	NA
"1/tr|C8ZFR3|C8ZFR3_YEAS8"	"YEAST"	257.829437172994	292.010973829584	267.907812856205	NA	NA	NA
"1/tr|C8ZFR4|C8ZFR4_YEAS8"	"YEAST"	365.382869817316	366.021592724127	501.703024349845	NA	NA	NA
"1/tr|C8ZFS2|C8ZFS2_YEAS8"	"YEAST"	630.338709960798	664.174478617014	454.444810788865	205.56612938515	268.783928843653	235.412203583202
"1/tr|C8ZFS9|C8ZFS9_YEAS8"	"YEAST"	1108.49692980969	647.935120402084	617.870763740019	233.218887370274	178.232360367915	145.477109018122
"1/tr|C8ZFT2|C8ZFT2_YEAS8"	"YEAST"	NA	NA	NA	NA	85.6266697879637	NA
"1/tr|C8ZFV1|C8ZFV1_YEAS8"	"YEAST"	886.295675516801	918.089765355465	918.246462025246	540.219872329266	600.494503678566	575.386521148529
"1/tr|C8ZFW0|C8ZFW0_YEAS8"	"YEAST"	1772.51505559565	1746.18228522026	2076.0486964543	1081.08357240151	1202.72067159414	984.255453772582
"1/tr|C8ZFW1|C8ZFW1_YEAS8"	"YEAST"	432.528766625444	466.172340271734	594.362925623086	283.724077457916	247.826628656258	265.313841275769
"1/tr|C8ZFY2|C8ZFY2_YEAS8"	"YEAST"	363.665297917075	381.386865877963	303.595470910831	248.877829786637	204.719741532733	229.623123807644
"1/tr|C8ZFY9|C8ZFY9_YEAS8"	"YEAST"	363.643291669435	NA	190.988989793203	NA	198.210544896747	NA
"1/tr|C8ZFZ2|C8ZFZ2_YEAS8"	"YEAST"	889.735698780295	921.373011664285	937.679166795309	613.184006449393	557.508339243157	594.110836936037
"1/tr|C8ZFZ3|C8ZFZ3_YEAS8"	"YEAST"	83.0482251107871	57.0842646026347	205.345413739667	NA	NA	NA
"1/tr|C8ZFZ5|C8ZFZ5_YEAS8"	"YEAST"	627.938945084807	754.5548106947	669.64942242444	504.620793248651	451.102755803138	390.946408155448
"1/tr|C8ZG14|C8ZG14_YEAS8"	"YEAST"	NA	270.321326295887	401.573677061145	NA	NA	NA
"1/tr|C8ZG23|C8ZG23_YEAS8"	"YEAST"	659.220560690671	752.429364702881	708.361339469189	323.627533530681	NA	374.658028063202
"1/tr|C8ZG24|C8ZG24_YEAS8"	"YEAST"	354.329332950486	419.3478483626	337.409355987122	NA	188.500608149273	166.163096503903
"1/tr|C8ZG25|C8ZG25_YEAS8"	"YEAST"	227.30249280553	95.7146865240428	NA	NA	NA	NA
"1/tr|C8ZG41|C8ZG41_YEAS8"	"YEAST"	371.604871839531	367.159476672451	359.18897493855	NA	194.119016109491	96.1983923193707
"1/tr|C8ZG50|C8ZG50_YEAS8"	"YEAST"	6920.25338714719	7178.25851434836	6690.48824891985	3507.24605226621	3663.54926484651	3575.0046493279
"1/tr|C8ZG69|C8ZG69_YEAS8"	"YEAST"	1287.41798051658	1347.41355587948	1335.53081484403	651.813202814905	627.337612896373	634.857489870648
"1/tr|C8ZG79|C8ZG79_YEAS8"	"YEAST"	190.530964901313	NA	NA	NA	NA	NA
"1/tr|C8ZG92|C8ZG92_YEAS8"	"YEAST"	382.676892265374	324.197907909397	288.470668162219	82.498684358375	44.7687289647196	100.846243843188
"1/tr|C8ZG95|C8ZG95_YEAS8"	"YEAST"	2528.53323974805	2549.49056959097	2454.56311608878	1388.41418415395	1382.1787858116	1404.27934857125
"1/tr|C8ZG96|C8ZG96_YEAS8"	"YEAST"	641.57705557644	638.807744149315	596.338006963687	196.458114504986	257.866776561281	266.879270113054
"1/tr|C8ZG98|C8ZG98_YEAS8"	"YEAST"	289.08101421615	283.764381704292	174.103421369879	85.222765092129	NA	NA
"1/tr|C8ZGB0|C8ZGB0_YEAS8"	"YEAST"	237.551680623444	NA	292.955171896459	NA	NA	NA
"1/tr|C8ZGB3|C8ZGB3_YEAS8"	"YEAST"	258.821199133483	392.752571439381	349.753151569234	NA	NA	NA
"1/tr|C8ZGB5|C8ZGB5_YEAS8"	"YEAST"	79.6250160248554	NA	NA	NA	NA	NA
"1/tr|C8ZGB7|C8ZGB7_YEAS8"	"YEAST"	123.583459679036	NA	NA	NA	NA	NA
"1/tr|C8ZGB8|C8ZGB8_YEAS8"	"YEAST"	866.799755351351	834.257129825328	656.863391794035	448.01375443942	440.925558053331	436.983531530427
"1/tr|C8ZGB9|C8ZGB9_YEAS8"	"YEAST"	NA	259.84311168372	NA	NA	NA	NA
"1/tr|C8ZGC6|C8ZGC6_YEAS8"	"YEAST"	839.238849418555	1004.10671168527	969.534890674035	421.071323699725	451.19696106324	459.89827228105
"1/tr|C8ZGD1|C8ZGD1_YEAS8"	"YEAST"	229.919156275984	247.769860105209	159.798651251256	NA	68.9440498741349	NA
"1/tr|C8ZGD5|C8ZGD5_YEAS8"	"YEAST"	859.550214857424	861.725687707534	850.917057045281	477.936621195596	446.592557365991	426.384310989924
"1/tr|C8ZGE5|C8ZGE5_YEAS8"	"YEAST"	479.062486252564	481.217190160731	429.830465388314	108.229227093687	265.507347463836	168.374224868883
"1/tr|C8ZGE6|C8ZGE6_YEAS8"	"YEAST"	63.6217912423437	NA	NA	NA	NA	NA
"1/tr|C8ZGF1|C8ZGF1_YEAS8"	"YEAST"	270.987539821171	209.803405034121	240.000447318133	37.4221829480339	35.139083870796	47.6784232028643
"1/tr|C8ZGF9|C8ZGF9_YEAS8"	"YEAST"	1283.3998856905	1359.64768839855	1337.42764999604	733.355957018191	763.588960511994	736.592016176562
"1/tr|C8ZGG0|C8ZGG0_YEAS8"	"YEAST"	NA	132.614664741801	NA	NA	NA	NA
"1/tr|C8ZGG1|C8ZGG1_YEAS8"	"YEAST"	2231.85277603883	2211.60133473178	2649.43374068981	1092.43205342578	1098.05724366628	1117.32721909641
"1/tr|C8ZGG5|C8ZGG5_YEAS8"	"YEAST"	1481.75789807877	1490.83141070803	1486.61182620591	823.099805288724	878.675123132338	865.579675600626
"1/tr|C8ZGG8|C8ZGG8_YEAS8"	"YEAST"	410.387415403102	410.594564566429	380.106758369254	NA	199.318705773984	217.727217803199
"1/tr|C8ZGH3|C8ZGH3_YEAS8"	"YEAST"	8463.30656181782	8627.55685951983	8133.7730353228	4456.70586660304	4444.12470182253	4550.14162018428
"1/tr|C8ZGH6|C8ZGH6_YEAS8"	"YEAST"	315.561238317562	NA	315.254744580489	NA	NA	NA
"1/tr|C8ZGI3|C8ZGI3_YEAS8"	"YEAST"	505.592708306411	425.335048156948	398.950146885155	223.555795903024	208.578477790842	NA
"1/tr|C8ZGI4|C8ZGI4_YEAS8"	"YEAST"	256.458267575321	263.010923195215	264.321446591205	NA	NA	NA
"1/tr|C8ZGL6|C8ZGL6_YEAS8"	"YEAST"	207.186833260555	NA	137.138934177264	NA	NA	NA
"1/tr|C8ZGL7|C8ZGL7_YEAS8"	"YEAST"	259.550775973777	NA	280.14493978877	NA	NA	NA
"1/tr|C8ZGM2|C8ZGM2_YEAS8"	"YEAST"	4264.68710822781	4235.28744405143	4333.77143170149	2061.70140828648	2036.08943422067	2028.85292829784
"1/tr|C8ZGN4|C8ZGN4_YEAS8"	"YEAST"	378.40838572718	275.936697019078	333.645648928605	121.284538505651	197.51907604617	119.22650600473
"1/tr|C8ZGP0|C8ZGP0_YEAS8"	"YEAST"	212.477559289174	208.884617808452	181.454880969301	132.388467828428	NA	NA
"1/tr|C8ZGP8|C8ZGP8_YEAS8"	"YEAST"	793.630246474212	813.992682282233	861.305735643184	606.112920856616	416.027492185374	429.956049814284
"1/tr|C8ZGQ9|C8ZGQ9_YEAS8"	"YEAST"	147.242538038072	221.705363556687	NA	NA	NA	NA
"1/tr|C8ZGR1|C8ZGR1_YEAS8"	"YEAST"	119.666748751816	NA	127.11664446629	NA	NA	NA
"1/tr|C8ZGS6|C8ZGS6_YEAS8"	"YEAST"	206.914450187432	NA	NA	NA	NA	NA
"1/tr|C8ZGS9|C8ZGS9_YEAS8"	"YEAST"	1012.77001239619	1049.15204930381	1053.3162370913	534.012169971646	517.429831407897	509.348831319315
"1/tr|C8ZGT4|C8ZGT4_YEAS8"	"YEAST"	324.88001048426	323.577743987986	143.750458998175	221.365769635827	NA	NA
"1/tr|C8ZGU3|C8ZGU3_YEAS8"	"YEAST"	392.079887491041	452.804090864973	435.722983465393	230.486350531284	184.214315320315	156.825518634059
"1/tr|C8ZGU7|C8ZGU7_YEAS8"	"YEAST"	805.390507094433	805.589243359322	852.328736638758	580.284051407678	537.081047717762	567.165265656297
"1/tr|C8ZGV6|C8ZGV6_YEAS8"	"YEAST"	187.588578711509	175.167736461415	138.228689596518	98.5653671954884	122.680485331674	NA
"1/tr|C8ZGV7|C8ZGV7_YEAS8"	"YEAST"	490.954507720078	583.702417053113	530.214542332167	219.961741055323	348.169481974737	203.68546515291
"1/tr|C8ZGW0|C8ZGW0_YEAS8"	"YEAST"	591.014115677478	510.802774478791	593.455731209833	243.481383856935	321.638601616475	229.138136340901
"1/tr|C8ZGW2|C8ZGW2_YEAS8"	"YEAST"	213.747887266297	149.902110332713	101.969780602464	NA	NA	NA
"1/tr|C8ZGW5|C8ZGW5_YEAS8"	"YEAST"	369.144835636774	359.337792436007	421.287550831315	537.976427994667	477.555011934899	NA
"1/tr|C8ZGX4|C8ZGX4_YEAS8"	"YEAST"	133.466366710716	241.027971070171	288.975641695504	NA	NA	NA
"1/tr|C8ZGX8|C8ZGX8_YEAS8"	"YEAST"	106.298553120244	88.2491744469013	96.041364249715	NA	NA	NA
"1/tr|C8ZGY3|C8ZGY3_YEAS8"	"YEAST"	945.385580489163	981.178447316591	1014.47701542252	525.924594806674	517.06516860081	562.952801918667
"1/tr|C8ZGY6|C8ZGY6_YEAS8"	"YEAST"	405.270476111544	405.145033690457	124.870363535069	84.1160054378597	95.2726479098446	NA
"1/tr|C8ZGY8|C8ZGY8_YEAS8"	"YEAST"	NA	NA	222.388306358783	NA	NA	NA
"1/tr|C8ZH03|C8ZH03_YEAS8"	"YEAST"	234.149333401468	NA	NA	NA	NA	NA
"1/tr|C8ZH10|C8ZH10_YEAS8"	"YEAST"	NA	80.2028008693847	NA	NA	NA	NA
"1/tr|C8ZH12|C8ZH12_YEAS8"	"YEAST"	276.869571813234	270.204071757643	292.860182913572	131.500501223248	NA	111.521406261184
"1/tr|C8ZH16|C8ZH16_YEAS8"	"YEAST"	553.35541192841	508.49429599543	512.133946091366	133.564461753754	245.763739841558	236.290157300184
"1/tr|C8ZH20|C8ZH20_YEAS8"	"YEAST"	672.239346754514	840.349731204657	615.713072963098	136.256339300005	72.8424330522804	194.58438803034
"1/tr|C8ZH21|C8ZH21_YEAS8"	"YEAST"	198.353843829638	172.578320050121	203.248548798942	NA	NA	NA
"1/tr|C8ZH30|C8ZH30_YEAS8"	"YEAST"	NA	116.423576680525	NA	NA	NA	NA
"1/tr|C8ZH35|C8ZH35_YEAS8"	"YEAST"	608.734517869959	599.636597598684	686.871762588393	170.281612607462	311.404370266454	317.493812341078
"1/tr|C8ZH49|C8ZH49_YEAS8"	"YEAST"	1236.03048568078	1248.67524005417	1307.36094675176	528.890922538746	707.035239884694	631.074019185703
"1/tr|C8ZH60|C8ZH60_YEAS8"	"YEAST"	771.829195663567	763.988672382338	760.490514923672	543.742895419152	462.420576058584	547.47063686235
"1/tr|C8ZH68|C8ZH68_YEAS8"	"YEAST"	648.195410953131	617.280807095711	707.83318636717	403.281088500359	340.840145427959	440.38686946817
"1/tr|C8ZH74|C8ZH74_YEAS8"	"YEAST"	353.193472330709	376.467919446798	375.332097148757	76.1410131609702	137.505774210647	55.6937303339116
"1/tr|C8ZH84|C8ZH84_YEAS8"	"YEAST"	1886.33850985965	1926.17395958528	1874.48395082541	1213.04383803872	1228.9850189917	1257.24992283699
"1/tr|C8ZH87|C8ZH87_YEAS8"	"YEAST"	1077.36273214071	1084.18701272324	1031.41335208642	634.505598064927	654.195214190623	702.92278329674
"1/tr|C8ZH92|C8ZH92_YEAS8"	"YEAST"	245.730619536191	NA	NA	NA	NA	NA
"1/tr|C8ZH93|C8ZH93_YEAS8"	"YEAST"	370.817572803864	406.815907165228	345.808795856626	46.9526983349403	401.18521339164	97.7265679794025
"1/tr|C8ZHA9|C8ZHA9_YEAS8"	"YEAST"	723.65229662098	734.867175990647	665.829758250207	322.226644932633	438.088675591178	527.65123261573
"1/tr|C8ZHB0|C8ZHB0_YEAS8"	"YEAST"	898.844129410492	630.982630345927	976.746190737892	NA	335.762207712109	326.177441567932
"1/tr|C8ZHB7|C8ZHB7_YEAS8"	"YEAST"	5095.34395971454	5079.56789147905	5165.09606194403	2610.28622379681	2623.7605938593	2706.90187218075
"1/tr|C8ZHC2|C8ZHC2_YEAS8"	"YEAST"	1975.733810075	2013.92220223067	2085.70597243016	1086.20469421212	1052.35544874218	1047.081731785
"1/tr|C8ZHC3|C8ZHC3_YEAS8"	"YEAST"	1494.26118433736	1452.42819388066	1407.89084618805	832.011634532136	863.546867458083	791.729306835825
"1/tr|C8ZHE7|C8ZHE7_YEAS8"	"YEAST"	332.381420588973	515.19653728744	308.66697952541	283.860297110301	NA	NA
"1/tr|C8ZHG6|C8ZHG6_YEAS8"	"YEAST"	544.248931228626	239.856777650313	273.125102915379	NA	NA	NA
"1/tr|C8ZHH0|C8ZHH0_YEAS8"	"YEAST"	NA	NA	143.702674984946	NA	NA	NA
"1/tr|C8ZHH4|C8ZHH4_YEAS8"	"YEAST"	583.792732856088	515.492207674403	567.451597266638	277.833177502334	267.456308182189	272.39433968486
"1/tr|C8ZHH7|C8ZHH7_YEAS8"	"YEAST"	134.694299280299	40.5168033060866	91.1772354134058	NA	NA	NA
"1/tr|C8ZHH8|C8ZHH8_YEAS8"	"YEAST"	580.775520030012	740.231015290387	798.640815858521	285.987765220424	207.315210556486	385.960518682934
"1/tr|C8ZHI9|C8ZHI9_YEAS8"	"YEAST"	6064.76088052648	6131.51706193675	6030.36722173561	3212.23327968425	3204.38851262842	3124.64628570221
"1/tr|C8ZHJ3|C8ZHJ3_YEAS8"	"YEAST"	165.682223639247	103.544399447664	150.686747533943	NA	NA	NA
"1/tr|C8ZHK4|C8ZHK4_YEAS8"	"YEAST"	319.571556873679	337.137100278927	252.094809967503	NA	NA	NA
"1/tr|C8ZHK6|C8ZHK6_YEAS8"	"YEAST"	892.04729575156	1422.62493550291	766.624530168985	739.605315760098	459.252846630849	339.938205695998
"1/tr|C8ZHL8|C8ZHL8_YEAS8"	"YEAST"	386.674226758516	422.338318435734	309.749144258169	212.511684517101	232.884526641858	206.467846534974
"1/tr|C8ZHP0|C8ZHP0_YEAS8"	"YEAST"	153.085217972028	NA	66.3088388936643	74.4100258549558	NA	NA
"1/tr|C8ZHQ0|C8ZHQ0_YEAS8"	"YEAST"	245.129969956593	NA	302.190935804848	NA	NA	NA
"1/tr|C8ZHQ2|C8ZHQ2_YEAS8"	"YEAST"	302.990461644121	203.137107170492	609.700123381427	106.244182244026	129.177225769667	76.7828732882964
"1/tr|C8ZHQ4|C8ZHQ4_YEAS8"	"YEAST"	500.69494717845	525.574098287554	514.561006384278	285.621711070322	260.962136146666	237.373890807663
"1/tr|C8ZHQ5|C8ZHQ5_YEAS8"	"YEAST"	2173.15460544649	2234.00188736801	2105.79120451735	988.758419420629	993.149381004401	1158.94484878065
"1/tr|C8ZHQ6|C8ZHQ6_YEAS8"	"YEAST"	NA	494.826879474807	NA	NA	NA	NA
"1/tr|C8ZHR5|C8ZHR5_YEAS8"	"YEAST"	93.6292588722804	96.6643817044498	98.2836064397031	NA	NA	NA
"1/tr|C8ZHS4|C8ZHS4_YEAS8"	"YEAST"	5398.49024674836	5389.41175046811	5694.87153663082	2931.20269219126	2844.40376176288	3092.22323732336
"1/tr|C8ZHS5|C8ZHS5_YEAS8"	"YEAST"	2849.67282770905	2634.31955888488	2724.37660754423	1321.98935760357	1222.1739734397	1252.75866049112
"1/tr|C8ZHS7|C8ZHS7_YEAS8"	"YEAST"	906.926468227503	872.377240783518	887.648200798579	533.157841073463	696.591130521066	664.898135373902
"1/tr|C8ZHT4|C8ZHT4_YEAS8"	"YEAST"	301.86309814574	285.887562517793	209.221596611345	106.549673020894	89.4067477258424	94.230041245338
"1/tr|C8ZHT6|C8ZHT6_YEAS8"	"YEAST"	56.1563409907772	NA	NA	NA	NA	NA
"1/tr|C8ZHU8|C8ZHU8_YEAS8"	"YEAST"	NA	212.33445141523	217.843457834395	137.089669515952	138.92083325391	187.230769497797
"1/tr|C8ZHV5|C8ZHV5_YEAS8"	"YEAST"	82.0472079579506	NA	142.90734686573	NA	NA	NA
"1/tr|C8ZHX0|C8ZHX0_YEAS8"	"YEAST"	1315.95409756158	1277.54424196858	1266.99896701228	702.742295537319	739.83347242807	495.756175749769
"1/tr|C8ZHY2|C8ZHY2_YEAS8"	"YEAST"	3589.44841012903	3717.34556566968	3478.63628923462	1843.81692796187	1820.04389684563	1883.60748737808
"1/tr|C8ZHY4|C8ZHY4_YEAS8"	"YEAST"	785.52876703798	739.425166679548	679.194350341622	NA	NA	NA
"1/tr|C8ZI08|C8ZI08_YEAS8"	"YEAST"	632.974284011994	685.514411855103	753.4081641272	346.437314820612	493.432944217307	515.25389291041
"1/tr|C8ZI24|C8ZI24_YEAS8"	"YEAST"	5067.13749295761	5273.53593585523	5016.10110540383	2810.10672885228	2577.28380520669	2795.73219994068
"1/tr|C8ZI26|C8ZI26_YEAS8"	"YEAST"	544.718670713773	712.839911514685	500.244612544703	264.700216709538	299.046097384376	290.789302681858
"1/tr|C8ZI35|C8ZI35_YEAS8"	"YEAST"	148.052072417157	229.980345787203	NA	NA	NA	NA
"1/tr|C8ZI50|C8ZI50_YEAS8"	"YEAST"	NA	NA	229.180615240512	NA	NA	NA
"1/tr|C8ZI52|C8ZI52_YEAS8"	"YEAST"	NA	NA	75.1026664384608	NA	NA	NA
"1/tr|C8ZI56|C8ZI56_YEAS8"	"YEAST"	NA	NA	113.418679574644	NA	NA	NA
"1/tr|C8ZI57|C8ZI57_YEAS8"	"YEAST"	4158.56071566932	4091.87121331482	4006.91349981221	2139.27287558507	2051.27829819841	2152.96508550862
"1/tr|C8ZI60|C8ZI60_YEAS8"	"YEAST"	332.930615844453	203.731614661072	327.153366538122	160.567353460499	NA	NA
"1/tr|C8ZI79|C8ZI79_YEAS8"	"YEAST"	444.949717611762	308.275394929035	291.645663463399	NA	NA	NA
"1/tr|C8ZI90|C8ZI90_YEAS8"	"YEAST"	344.689824059641	361.228492536178	216.938989534998	103.087171292672	108.656313844419	NA
"1/tr|C8ZI98|C8ZI98_YEAS8"	"YEAST"	1050.87550787782	1049.92759230373	1135.25712488931	608.947713052938	611.113797526063	620.631302635982
"1/tr|C8ZIA4|C8ZIA4_YEAS8"	"YEAST"	895.836653082312	915.208258580226	969.798593655879	474.947383455446	491.639831619704	466.12287092435
"1/tr|C8ZIA6|C8ZIA6_YEAS8"	"YEAST"	280.672663223998	287.476047755975	330.79012856818	37.8751159530207	NA	56.0568538222029
"1/tr|C8ZIA8|C8ZIA8_YEAS8"	"YEAST"	378.793000013977	395.843101834572	341.256765578555	228.656747635105	209.906103349637	201.417140693392
"1/tr|C8ZIB3|C8ZIB3_YEAS8"	"YEAST"	NA	NA	263.493808934596	NA	254.411962398111	NA
"1/tr|C8ZIB7|C8ZIB7_YEAS8"	"YEAST"	924.40539271116	920.691899413232	793.807535680293	478.682798350644	468.056317754095	449.652847284177
"1/tr|C8ZIB9|C8ZIB9_YEAS8"	"YEAST"	582.705353135616	513.416776831008	498.638576796545	382.280327889696	260.424426218819	355.739052111506
"1/tr|C8ZIC9|C8ZIC9_YEAS8"	"YEAST"	765.57719459883	781.530343457108	776.90504345734	NA	NA	392.503335237419
"1/tr|C8ZID9|C8ZID9_YEAS8"	"YEAST"	2672.87419423113	2659.27234347293	2716.48674429386	1513.85222724653	1391.15150388328	1383.39778284276
"1/tr|C8ZIE0|C8ZIE0_YEAS8"	"YEAST"	383.563749869397	NA	NA	NA	NA	NA
"1/tr|C8ZIE2|C8ZIE2_YEAS8"	"YEAST"	609.399369018169	672.552891762267	1120.25129955799	497.931792708538	643.142710656581	617.839427284615
"1/tr|C8ZIE4|C8ZIE4_YEAS8"	"YEAST"	434.552411914688	530.403174648476	554.960088076341	NA	251.176723758387	211.589896557975
"1/tr|C8ZIE8|C8ZIE8_YEAS8"	"YEAST"	1237.47955822473	1319.87193182559	1224.1956419511	742.17548151891	780.271595622371	708.12925494602
"1/tr|C8ZIF3|C8ZIF3_YEAS8"	"YEAST"	1414.52508245966	727.511558737693	1220.04471621823	394.477826471008	199.356083237648	544.537219802427
"1/tr|C8ZIF4|C8ZIF4_YEAS8"	"YEAST"	NA	259.816316868814	NA	NA	88.050190272835	NA
"1/tr|C8ZIF7|C8ZIF7_YEAS8"	"YEAST"	NA	NA	100.784475406456	NA	NA	NA
"1/tr|C8ZIG2|C8ZIG2_YEAS8"	"YEAST"	1144.75058283738	1155.12263902296	1108.82124006727	607.050578969472	633.88381343815	664.144454804203
"1/tr|C8ZIG9|C8ZIG9_YEAS8"	"YEAST"	2413.44477024697	NA	NA	NA	NA	NA
"1/tr|C8ZIK9|C8ZIK9_YEAS8"	"YEAST"	86.6406932086605	66.5492872482914	129.487031805353	NA	NA	NA
"1/tr|C8ZIL8|C8ZIL8_YEAS8"	"YEAST"	1486.73923352608	1437.17668735479	1474.72373596759	932.846965549949	1551.98170774244	459.23060506719
"1/tr|C8ZIM4|C8ZIM4_YEAS8"	"YEAST"	1621.58692801379	1604.73990001907	1556.7849234948	818.915999894549	861.643566768466	825.615748990234
"1/tr|C8ZIN4|C8ZIN4_YEAS8"	"YEAST"	271.656934870899	373.047689282089	528.40009787849	NA	NA	NA
"1/tr|C8ZIN6|C8ZIN6_YEAS8"	"YEAST"	560.650080904192	533.380822747699	562.797891292987	294.417595345421	282.198960743366	297.756422233992
"1/tr|C8ZIP9|C8ZIP9_YEAS8"	"YEAST"	3228.22619504719	3251.38004409786	3440.30507264655	1461.7601954355	1472.44348685162	1456.45650140748
"1/tr|C8ZIQ3|C8ZIQ3_YEAS8"	"YEAST"	98.2124344825443	NA	130.20009322516	NA	NA	NA
"1/tr|C8ZIR3|C8ZIR3_YEAS8"	"YEAST"	487.996862660111	474.577516205879	376.963453635513	274.017008960502	259.505297901534	202.001891234003
"1/tr|C8ZIR9|C8ZIR9_YEAS8"	"YEAST"	1257.08615793797	1157.9805445302	1371.57616182298	677.069323944135	690.75687020343	491.123993401405
"1/tr|C8ZIS4|C8ZIS4_YEAS8"	"YEAST"	2975.94520099531	2912.29525100405	2999.92299846031	1628.37632424435	1560.62368725997	1671.3640573248
"1/tr|C8ZIT7|C8ZIT7_YEAS8"	"YEAST"	479.815498217532	951.819561595706	505.906963597749	283.596200137279	310.264166396566	NA
"1/tr|C8ZIT9|C8ZIT9_YEAS8"	"YEAST"	658.37879687057	657.84250697433	616.316409054072	349.547559790995	292.595376565766	375.573544986835
"1/tr|C8ZIV2|C8ZIV2_YEAS8"	"YEAST"	1133.42644004792	931.739620563151	790.799721487326	585.936141873225	315.214859815038	458.80847683715
"1/tr|C8ZIW7|C8ZIW7_YEAS8"	"YEAST"	NA	219.683024006446	NA	NA	NA	NA
"1/tr|C8ZIW9|C8ZIW9_YEAS8"	"YEAST"	6434.67686897841	6476.60177608332	6094.32823775359	2998.59593082843	2973.66637621856	2967.07231587372
"1/tr|C8ZIX1|C8ZIX1_YEAS8"	"YEAST"	192.638744351951	NA	238.318598648721	NA	NA	NA
"1/tr|C8ZIY1|C8ZIY1_YEAS8"	"YEAST"	728.621612984279	735.357322330055	753.568139469058	416.662427075026	465.820034252292	634.306723109939
"1/tr|C8ZIZ2|C8ZIZ2_YEAS8"	"YEAST"	658.122188466356	628.127459598395	664.684945458504	359.851124515078	412.911320767678	342.893572948747
"1/tr|C8ZJ01|C8ZJ01_YEAS8"	"YEAST"	3242.63790947596	3246.46266512243	3481.7590708081	1798.44232126005	1748.94691487884	1780.76138038496
"1/tr|C8ZJ22|C8ZJ22_YEAS8"	"YEAST"	1366.93901525008	1344.96372873472	1317.25799545662	794.813417304768	736.752507125187	773.754543012218
"1/tr|C8ZJ29|C8ZJ29_YEAS8"	"YEAST"	365.880925244188	124.187829327636	332.442797857503	NA	NA	NA
"1/tr|C8ZJ35|C8ZJ35_YEAS8"	"YEAST"	241.16306240186	164.796343497905	262.142898657891	42.7830985021251	149.245951321586	52.6776756996017
"1/tr|C8ZJ40|C8ZJ40_YEAS8"	"YEAST"	249.037275116082	232.792916915006	234.002618797837	NA	NA	NA
"1/tr|C8ZJ45|C8ZJ45_YEAS8"	"YEAST"	572.254796245354	370.706898671956	397.538028471959	NA	NA	NA
"1/tr|C8ZJ52|C8ZJ52_YEAS8"	"YEAST"	577.70460457824	569.273204844745	568.318595579975	353.272401883404	386.729228681314	395.038114036761
"1/tr|C8ZJ57|C8ZJ57_YEAS8"	"YEAST"	634.052838764129	564.138540404259	607.36417179957	360.399565475371	347.257697721756	358.635079992335
"1/tr|C8ZJ59|C8ZJ59_YEAS8"	"YEAST"	345.364330138312	311.523412979415	364.91355052212	NA	670.44158525457	274.540038657146
"1/tr|C8ZJ60|C8ZJ60_YEAS8"	"YEAST"	1036.06368382889	985.386368928809	1157.86442798963	692.509494914989	466.914527594312	533.349473304594
"1/tr|C8ZJ66|C8ZJ66_YEAS8"	"YEAST"	755.106711480666	792.323869501773	773.157814121979	495.17058918267	512.5943332012	504.085962677164
"1/tr|C8ZJ85|C8ZJ85_YEAS8"	"YEAST"	346.908175088229	209.106413591774	265.516298986173	NA	NA	NA
"1/tr|C8ZJ87|C8ZJ87_YEAS8"	"YEAST"	258.936682031973	154.379309183025	151.697404961937	NA	NA	NA
"1/tr|C8ZJ94|C8ZJ94_YEAS8"	"YEAST"	1625.04386905186	1643.65285360935	1530.96375945843	896.190860846408	856.327253955263	871.932137449965
"1/tr|C8ZJA5|C8ZJA5_YEAS8"	"YEAST"	22593.252576086	23262.2804426828	22625.0457499106	12640.8802780324	12558.584177402	13084.1814305925
"1/tr|C8ZJC0|C8ZJC0_YEAS8"	"YEAST"	NA	130.084264098183	NA	NA	NA	NA
"1/tr|C8ZJC5|C8ZJC5_YEAS8"	"YEAST"	107.697779322549	206.584686495155	142.029497935656	NA	NA	NA
"1/tr|C8ZJC9|C8ZJC9_YEAS8"	"YEAST"	NA	153.937497647384	207.456395778914	90.186004634079	NA	NA
"1/tr|C8ZJD2|C8ZJD2_YEAS8"	"YEAST"	337.872004498407	383.154581519623	330.381832237102	208.456749435644	211.505643942609	170.974272372078
"1/tr|C8ZJE6|C8ZJE6_YEAS8"	"YEAST"	40.4540663411992	NA	NA	NA	NA	NA
"1/tr|C8ZJE9|C8ZJE9_YEAS8"	"YEAST"	NA	NA	382.17175213646	NA	NA	NA
"1/tr|C8ZJF5|C8ZJF5_YEAS8"	"YEAST"	60.6863740356009	37.5421831452672	103.408527655309	NA	NA	NA
"1/tr|C8ZJG8|C8ZJG8_YEAS8"	"YEAST"	726.888010220663	737.930556471337	703.171699838256	302.469100789743	303.501581323993	377.419123793445
"1/tr|C8ZJH2|C8ZJH2_YEAS8"	"YEAST"	NA	NA	149.955382121832	NA	NA	NA
"1/tr|C8ZJH3|C8ZJH3_YEAS8"	"YEAST"	NA	83.8332932899338	NA	NA	NA	NA
"1/tr|C8ZJH8|C8ZJH8_YEAS8"	"YEAST"	NA	513.834246194689	NA	NA	NA	NA
"1/tr|C8ZJI4|C8ZJI4_YEAS8"	"YEAST"	650.061581986372	426.785894647646	538.310336284323	602.369720430285	165.487703195183	186.791060658245
"1/tr|C8ZJI9|C8ZJI9_YEAS8"	"YEAST"	662.273631946074	764.224773329546	699.439311655453	378.424613162217	349.627554893655	405.78938571509
"1/tr|C8ZJJ1|C8ZJJ1_YEAS8"	"YEAST"	843.866602825353	824.606024977574	859.16062056543	462.247637813065	421.608638415233	509.488226667329
"1/tr|C8ZJK1|C8ZJK1_YEAS8"	"YEAST"	NA	NA	98.8651111391234	NA	NA	NA
"1/tr|C8ZJL0|C8ZJL0_YEAS8"	"YEAST"	622.897041885711	614.028272202646	556.574649568668	NA	225.967993004008	237.382151109283
"1/tr|C8ZJL2|C8ZJL2_YEAS8"	"YEAST"	1290.05923679318	1331.51090137167	1368.76976900589	680.030921425659	698.483500967454	687.60640827523
"1/tr|C8ZJM0|C8ZJM0_YEAS8"	"YEAST"	2342.04281866224	2376.12245871531	2422.49717287877	1239.00146717442	1178.77100159239	1224.89084085674
"1/tr|D3UEC7|D3UEC7_YEAS8"	"YEAST"	673.995891283761	653.803699557587	694.72848673268	NA	411.273042862767	416.405931994666
"1/tr|D3UED1|D3UED1_YEAS8"	"YEAST"	351.231573955409	222.716223827705	208.608311621919	NA	NA	NA
"1/tr|D3UED5|D3UED5_YEAS8"	"YEAST"	478.129715300708	457.640821233729	523.392127017272	282.568234113007	282.153912958642	216.623403670666
"1/tr|D3UEE1|D3UEE1_YEAS8"	"YEAST"	NA	357.712645848818	NA	NA	NA	NA
"1/tr|D3UEF1|D3UEF1_YEAS8"	"YEAST"	238.166402968065	291.039777551712	261.656109608837	NA	NA	NA
"1/tr|D3UEG8|D3UEG8_YEAS8"	"YEAST"	879.197890029606	876.935275147785	846.932017198448	371.566398384889	338.839133353664	359.373218894743
"1/tr|D3UEH2|D3UEH2_YEAS8"	"YEAST"	824.835759005506	965.384697806533	704.305114099273	1044.78393460732	920.360370103151	1072.59447495069
"1/tr|D3UEH3|D3UEH3_YEAS8"	"YEAST"	302.972082693406	103.292592682063	261.939996346384	NA	NA	NA
"1/tr|D3UEH7|D3UEH7_YEAS8"	"YEAST"	342.08862357518	327.692503415097	398.586334203844	276.600471857239	161.221882298115	164.321700042017
"1/tr|D3UEI1|D3UEI1_YEAS8"	"YEAST"	NA	NA	161.148313361603	NA	NA	NA
"1/tr|D3UEI3|D3UEI3_YEAS8"	"YEAST"	300.287576988584	240.349414086382	273.837622012742	NA	NA	NA
"1/tr|D3UEI5|D3UEI5_YEAS8"	"YEAST"	108.169671045529	NA	NA	NA	NA	NA
"1/tr|D3UEI7|D3UEI7_YEAS8"	"YEAST"	173.142996347212	NA	169.348074787719	NA	NA	NA
"1/tr|D3UEJ9|D3UEJ9_YEAS8"	"YEAST"	692.357254973774	731.019620006765	711.278778805304	441.174145776941	427.758203465909	446.970705099088
"1/tr|D3UEK2|D3UEK2_YEAS8"	"YEAST"	421.186643543579	374.382541518778	459.838908910543	NA	NA	NA
"1/tr|D3UEK4|D3UEK4_YEAS8"	"YEAST"	194.835039675702	229.349579441685	213.18108127656	NA	NA	NA
"1/tr|D3UEK8|D3UEK8_YEAS8"	"YEAST"	260.559963360886	265.702805323264	235.632172683041	NA	NA	NA
"1/tr|D3UEK9|D3UEK9_YEAS8"	"YEAST"	490.504157979481	465.808615999348	456.606730902136	143.340329392624	274.082541197211	NA
"1/tr|D3UEL3|D3UEL3_YEAS8"	"YEAST"	1336.34063852701	1866.06134422168	1824.91411250976	673.776255340283	750.889666214336	679.545201160345
"1/tr|D3UEL8|D3UEL8_YEAS8"	"YEAST"	790.32554300579	785.867367141983	835.229514779974	514.903805807195	205.317373461711	210.372315214534
"1/tr|D3UEM1|D3UEM1_YEAS8"	"YEAST"	1917.11145657574	1872.64028315869	1814.03504158288	894.634285662553	862.836472782689	823.79066170863
"1/tr|D3UEN8|D3UEN8_YEAS8"	"YEAST"	770.975616095888	703.396195900539	929.912146266058	104.0356352893	116.873065641695	393.296600175951
"1/tr|D3UEP3|D3UEP3_YEAS8"	"YEAST"	868.908427374765	848.060750826205	837.999105724074	422.431906174699	278.523762139817	399.66090435538
"1/tr|D3UEQ4|D3UEQ4_YEAS8"	"YEAST"	212.715184789144	NA	120.448166690103	NA	NA	349.763006099491
"1/tr|D3UEQ9|D3UEQ9_YEAS8"	"YEAST"	72.7463230579391	68.9476210167145	NA	NA	NA	NA
"1/tr|D3UER4|D3UER4_YEAS8"	"YEAST"	814.568701147339	NA	808.257871926335	NA	NA	391.339087900371
"1/tr|D3UER5|D3UER5_YEAS8"	"YEAST"	73.1842191432583	NA	NA	NA	NA	NA
"1/tr|D3UES2|D3UES2_YEAS8"	"YEAST"	2782.62695286976	2734.00258773498	406.600341606426	NA	NA	2009.0800429361
"1/tr|D3UEU0|D3UEU0_YEAS8"	"YEAST"	4440.62232890874	4446.1927082137	4365.25771314256	2122.3904515443	2155.91453746069	2259.65401877312
"1/tr|D3UEV2|D3UEV2_YEAS8"	"YEAST"	159.487302836186	150.832183789776	NA	NA	NA	NA
"1/tr|D3UEW0|D3UEW0_YEAS8"	"YEAST"	177.670752111714	286.883566662716	213.923765765627	NA	106.25288428056	NA
"1/tr|D3UEW6|D3UEW6_YEAS8"	"YEAST"	1321.89095754759	1399.53505913362	1278.29800746421	718.760344178417	685.062303814621	749.685630438375
"1/tr|D3UEW8|D3UEW8_YEAS8"	"YEAST"	NA	242.713535638342	173.065935280041	NA	NA	NA
"1/tr|D3UEY2|D3UEY2_YEAS8"	"YEAST"	NA	39.0281656067753	63.7424157301807	NA	NA	NA
"1/tr|D3UEZ5|D3UEZ5_YEAS8"	"YEAST"	356.903862340602	369.324646377532	373.189197346533	NA	NA	NA
"1/tr|D3UEZ6|D3UEZ6_YEAS8"	"YEAST"	1109.99249912283	1074.75144594866	1153.53108344618	550.087597894102	554.368397296195	487.424597515347
"1/tr|D3UF04|D3UF04_YEAS8"	"YEAST"	96.4793601114217	NA	NA	NA	45.0188924040194	NA
"1/tr|D3UF11|D3UF11_YEAS8"	"YEAST"	980.715957036012	951.371254684064	1089.27749465273	576.143579188753	549.381145169313	584.875921194455
"1/tr|D3UF33|D3UF33_YEAS8"	"YEAST"	351.986069379947	142.679311083506	220.476369424862	108.286697794326	112.188742467205	124.995411696519
"1/tr|D3UF49|D3UF49_YEAS8"	"YEAST"	278.216968668899	239.986899735944	294.949074952939	137.774484482824	141.609592532595	115.665655427047
"1/tr|D3UF60|D3UF60_YEAS8"	"YEAST"	230.6060208441	NA	216.910334445846	NA	NA	NA
"1/tr|D3UF63|D3UF63_YEAS8"	"YEAST"	359.103682917832	337.362318996794	288.64683999345	265.505688086592	299.462945041714	429.488485951316
"1/tr|D3UF68|D3UF68_YEAS8"	"YEAST"	1145.18333875491	NA	1165.4486049914	NA	NA	NA
"1/tr|D3UF74|D3UF74_YEAS8"	"YEAST"	826.462469144119	791.758905484384	810.30936268383	368.157499183371	358.408436781639	404.280692256398
"1/tr|D3UF76|D3UF76_YEAS8"	"YEAST"	248.169721639012	NA	237.172992556081	NA	NA	NA
"1/tr|D3UF78|D3UF78_YEAS8"	"YEAST"	105.787361945897	297.809241880808	NA	NA	NA	98.5441346779728
"1/tr|D3UF79|D3UF79_YEAS8"	"YEAST"	1308.01949756921	1262.35295953759	1284.86050539789	730.475372578163	593.936362410679	584.732982932137
"1/tr|D3UF86|D3UF86_YEAS8"	"YEAST"	NA	139.796465246186	100.069849937831	NA	NA	NA
"1/tr|D3UF94|D3UF94_YEAS8"	"YEAST"	5772.41930317489	5998.48015374658	5521.3423783755	2827.48942418694	2849.46217751454	3071.04670182605
"11/sp|A6NKZ8|YI016_HUMAN/sp|Q3ZCM7|TBB8_HUMAN/sp|A6NNZ2|TBB8L_HUMAN/sp|Q9BUF5|TBB6_HUMAN/sp|P07437|TBB5_HUMAN/sp|P68371|TBB4B_HUMAN/sp|P04350|TBB4A_HUMAN/sp|Q13509|TBB3_HUMAN/sp|Q9BVA1|TBB2B_HUMAN/sp|Q13885|TBB2A_HUMAN/sp|Q9H4B7|TBB1_HUMAN"	"HUMAN"	23981.8836771847	25063.4445697726	24991.5423677659	23732.389571649	23529.8037197708	25128.0061955097
"13/sp|P16104|H2AX_HUMAN/sp|Q9BTM1|H2AJ_HUMAN/sp|Q7L7L0|H2A3_HUMAN/sp|Q16777|H2A2C_HUMAN/sp|Q8IUE6|H2A2B_HUMAN/sp|Q6FI13|H2A2A_HUMAN/sp|P0C0S8|H2A1_HUMAN/sp|Q99878|H2A1J_HUMAN/sp|Q96KK5|H2A1H_HUMAN/sp|P20671|H2A1D_HUMAN/sp|Q93077|H2A1C_HUMAN/sp|P04908|H2A1B_HUMAN/sp|Q96QV6|H2A1A_HUMAN"	"HUMAN"	20793.9294273305	19597.4591411661	19633.372400397	18112.6478668885	16661.5965465233	17502.9308664801
"14/sp|P57053|H2BFS_HUMAN/sp|Q8N257|H2B3B_HUMAN/sp|Q5QNW6|H2B2F_HUMAN/sp|Q16778|H2B2E_HUMAN/sp|P23527|H2B1O_HUMAN/sp|Q99877|H2B1N_HUMAN/sp|O60814|H2B1K_HUMAN/sp|Q99879|H2B1M_HUMAN/sp|Q99880|H2B1L_HUMAN/sp|P06899|H2B1J_HUMAN/sp|Q93079|H2B1H_HUMAN/sp|P58876|H2B1D_HUMAN/sp|P62807|H2B1C_HUMAN/sp|P33778|H2B1B_HUMAN"	"HUMAN"	15408.6111330095	16408.1234155588	16500.3804298214	13714.2448047323	13143.4600641788	13649.685876653
"15/sp|P57053|H2BFS_HUMAN/sp|Q8N257|H2B3B_HUMAN/sp|Q5QNW6|H2B2F_HUMAN/sp|Q16778|H2B2E_HUMAN/sp|P23527|H2B1O_HUMAN/sp|Q99877|H2B1N_HUMAN/sp|O60814|H2B1K_HUMAN/sp|Q99879|H2B1M_HUMAN/sp|Q99880|H2B1L_HUMAN/sp|P06899|H2B1J_HUMAN/sp|Q93079|H2B1H_HUMAN/sp|P58876|H2B1D_HUMAN/sp|P62807|H2B1C_HUMAN/sp|Q96A08|H2B1A_HUMAN/sp|P33778|H2B1B_HUMAN"	"HUMAN"	70569.2932713964	71998.2005928286	74857.3254902378	71379.0638946577	68747.6945571649	71291.1556413468
"2/sp|A6NMY6|AXA2L_HUMAN/sp|P07355|ANXA2_HUMAN"	"HUMAN"	7076.26208955815	7302.51865544425	7054.02271927961	7296.81873279742	6907.33865922743	7087.14784789384
"2/sp|B5ME19|EIFCL_HUMAN/sp|Q99613|EIF3C_HUMAN"	"HUMAN"	785.638877798677	775.874549577867	843.41473661173	789.989046359237	803.117083171432	820.318977812418
"2/sp|O00571|DDX3X_HUMAN/sp|O15523|DDX3Y_HUMAN"	"HUMAN"	1295.51040131938	1382.08114442348	1380.48090741974	1209.54004176824	1257.02419440482	1277.20638929432
"2/sp|O00763|ACACB_HUMAN/sp|Q13085|ACACA_HUMAN"	"HUMAN"	142.781928525544	NA	NA	305.763736027666	225.71937931796	217.513264157391
"2/sp|O14602|IF1AY_HUMAN/sp|P47813|IF1AX_HUMAN"	"HUMAN"	302.100312843291	328.682333846664	319.586351364818	180.559680566921	367.166289158364	317.923384014917
"2/sp|O14787|TNPO2_HUMAN/sp|Q92973|TNPO1_HUMAN"	"HUMAN"	530.494562777144	565.69017695127	551.662209126997	610.489918818164	577.996351463271	566.225894352594
"2/sp|O14818|PSA7_HUMAN/sp|Q8TAA3|PSA7L_HUMAN"	"HUMAN"	664.413363385625	712.132333739522	714.903920395517	658.181040743929	718.495981670524	714.786204883312
"2/sp|O14950|ML12B_HUMAN/sp|P19105|ML12A_HUMAN"	"HUMAN"	1238.80046488873	1255.65556686017	1234.46573568289	1239.72481652467	1298.36568116493	1265.29418128107
"2/sp|O43390|HNRPR_HUMAN/sp|O60506|HNRPQ_HUMAN"	"HUMAN"	4895.73319280376	4869.27474618023	5151.75320674669	5080.8754214161	5068.03795972119	5105.13545170961
"2/sp|O43432|IF4G3_HUMAN/sp|Q04637|IF4G1_HUMAN"	"HUMAN"	220.778108633921	315.514163893869	221.512592908971	293.93275460603	295.047356602273	189.315678011267
"2/sp|O43707|ACTN4_HUMAN/sp|P12814|ACTN1_HUMAN"	"HUMAN"	5212.78346282795	5602.44673285357	5316.51558556446	5153.50341960106	4903.87445561451	5211.48227751682
"2/sp|O60264|SMCA5_HUMAN/sp|P28370|SMCA1_HUMAN"	"HUMAN"	145.06045732183	128.67038906898	115.604151765407	NA	123.10461482184	NA
"2/sp|O60488|ACSL4_HUMAN/sp|O95573|ACSL3_HUMAN"	"HUMAN"	367.901027595022	371.455813460413	383.303791802221	375.022308752698	341.671896493849	381.795083914066
"2/sp|O60518|RNBP6_HUMAN/sp|O00410|IPO5_HUMAN"	"HUMAN"	708.031314250526	610.333535961819	698.096556941807	632.378714424195	651.752629090358	655.678645643462
"2/sp|O60749|SNX2_HUMAN/sp|Q13596|SNX1_HUMAN"	"HUMAN"	503.630171080176	558.996386250659	330.497892365355	NA	416.450040324966	456.523470394582
"2/sp|O75367|H2AY_HUMAN/sp|Q9P0M6|H2AW_HUMAN"	"HUMAN"	1547.3140802296	1684.49939741356	1568.73362475478	1657.77458725979	1612.30115888331	1618.41643463616
"2/sp|O75828|CBR3_HUMAN/sp|P16152|CBR1_HUMAN"	"HUMAN"	1432.03739958904	1399.38734779845	1387.23664194124	1477.62650387708	1529.54658281362	1619.41247591332
"2/sp|O94808|GFPT2_HUMAN/sp|Q06210|GFPT1_HUMAN"	"HUMAN"	283.128030980386	NA	279.924582276559	NA	NA	NA
"2/sp|O94905|ERLN2_HUMAN/sp|O75477|ERLN1_HUMAN"	"HUMAN"	321.887122940822	291.892181739949	334.236559579823	315.556182323159	332.085121501155	357.916813255077
"2/sp|O94973|AP2A2_HUMAN/sp|O95782|AP2A1_HUMAN"	"HUMAN"	382.162098836686	371.443597433881	391.854392859956	533.456161188183	397.192328340973	492.369431561828
"2/sp|O95302|FKBP9_HUMAN/sp|Q75LS8|FKB9L_HUMAN"	"HUMAN"	335.795496310383	NA	NA	314.567176823443	345.804576781833	283.986566392272
"2/sp|P00330|ADH1_YEAST/tr|C8ZHN0|C8ZHN0_YEAS8"	"YEAST"	24644.0552275385	26687.7559675315	25882.1868200843	13973.5736399935	13735.6116155182	14174.8306118567
"2/sp|P00924|ENO1_YEAST/tr|C8Z9E6|C8Z9E6_YEAS8"	"YEAST"	10816.596575788	11526.9085567109	10587.1215310156	5664.10597673654	5660.9529245943	5684.5394889862
"2/sp|P05388|RLA0_HUMAN/sp|Q8NHW5|RLA0L_HUMAN"	"HUMAN"	3862.19580007985	3837.88802004958	3990.93171502079	3905.42182438343	3641.59251698954	3969.06409750939
"2/sp|P07205|PGK2_HUMAN/sp|P00558|PGK1_HUMAN"	"HUMAN"	6383.52902379973	6459.79628245245	6568.25517113583	6335.6172226556	6165.04786626133	6363.6483285361
"2/sp|P07900|HS90A_HUMAN/sp|Q58FG0|HS905_HUMAN"	"HUMAN"	2893.89796741986	2842.98833096414	2817.39417580246	2819.53033203051	2833.19038877793	2941.32603048841
"2/sp|P07910|HNRPC_HUMAN/sp|O60812|HNRCL_HUMAN"	"HUMAN"	5319.92205439675	5261.85449007915	5217.52009104678	5650.43993733192	5432.6456245372	5805.2794841091
"2/sp|P07951|TPM2_HUMAN/sp|P09493|TPM1_HUMAN"	"HUMAN"	262.001538619547	232.599093314925	257.57492327393	286.654400447859	242.822188925125	244.158123463032
"2/sp|P08107|HSP71_HUMAN/sp|P34931|HS71L_HUMAN"	"HUMAN"	6618.67180469495	6887.18611933843	6785.28986982147	6298.45099310489	6179.40837880524	6751.25663196663
"2/sp|P08238|HS90B_HUMAN/sp|Q58FF7|H90B3_HUMAN"	"HUMAN"	8574.15526120938	8830.67876750893	8474.96900721465	8568.53931558114	8572.3378413354	8800.64496758263
"2/sp|P08238|HS90B_HUMAN/sp|Q58FF8|H90B2_HUMAN"	"HUMAN"	2349.35826646402	2693.45061512013	2598.47714292479	2571.48744687375	2542.84121456036	2765.16380279592
"2/sp|P08559|ODPA_HUMAN/sp|P29803|ODPAT_HUMAN"	"HUMAN"	1094.6607792363	1080.35328483572	1150.6406191927	1158.43150198938	1112.22883428771	1124.03570399514
"2/sp|P08670|VIME_HUMAN/sp|P17661|DESM_HUMAN"	"HUMAN"	2899.13554343237	2884.02270302615	2795.69170613728	3087.68268171313	2899.11233572977	2820.22032208814
"2/sp|P08670|VIME_HUMAN/sp|P41219|PERI_HUMAN"	"HUMAN"	1699.34333022251	1785.64441413293	1841.69141090334	1835.63832526018	1862.77367868858	1807.93788961597
"2/sp|P08708|RS17_HUMAN/sp|P0CW22|RS17L_HUMAN"	"HUMAN"	994.66627262703	1004.7244395984	934.825278571353	918.817593402423	901.371512626284	904.370432512263
"2/sp|P09429|HMGB1_HUMAN/sp|B2RPK0|HGB1A_HUMAN"	"HUMAN"	1393.48679890396	1379.01091425852	1435.02957440799	1408.58543781197	1324.74541632137	1448.04283160222
"2/sp|P09651|ROA1_HUMAN/sp|Q32P51|RA1L2_HUMAN"	"HUMAN"	4486.23954303493	5551.68058077	5373.17224619742	6403.35511122399	6152.8221770612	6591.96485212052
"2/sp|P0A870|TALB_ECOLI/sp|P0A867|TALA_ECOLI"	"ECOLI"	751.357890854719	768.628356517671	721.88148562735	2706.90764568717	2548.27909754722	2620.09789855858
"2/sp|P0A8N5|SYK2_ECOLI/sp|P0A8N3|SYK1_ECOLI"	"ECOLI"	974.655512424814	1016.07857201528	942.555248995146	4011.29960703426	3892.63065178368	3555.26545949434
"2/sp|P0C0S5|H2AZ_HUMAN/sp|Q71UI9|H2AV_HUMAN"	"HUMAN"	4195.01737858698	4216.6412252849	4313.44975008035	4258.31959666985	4255.31649947602	4325.82155013465
"2/sp|P0CE48|EFTU2_ECOLI/sp|P0CE47|EFTU1_ECOLI"	"ECOLI"	23524.37835317	24079.2235095607	21244.9761784658	66246.275655298	62618.6684554556	70586.1692202937
"2/sp|P11142|HSP7C_HUMAN/sp|P54652|HSP72_HUMAN"	"HUMAN"	5594.39941357484	5831.96838098767	6196.6377547392	7081.22935421469	6624.08392379656	6930.51841326609
"2/sp|P11388|TOP2A_HUMAN/sp|Q02880|TOP2B_HUMAN"	"HUMAN"	336.35244527564	326.576649923069	NA	345.03050972874	326.373614658829	332.778687366032
"2/sp|P11908|PRPS2_HUMAN/sp|P60891|PRPS1_HUMAN"	"HUMAN"	507.542777279435	NA	484.871171245598	438.50315323831	NA	426.374298383414
"2/sp|P12236|ADT3_HUMAN/sp|P05141|ADT2_HUMAN"	"HUMAN"	7713.95391742059	8417.14311097377	7948.26624196493	7701.6160650912	7485.83000692958	7752.62441782546
"2/sp|P12236|ADT3_HUMAN/sp|P12235|ADT1_HUMAN"	"HUMAN"	286.907592206353	355.866624887488	286.608631532646	343.654927816417	251.41833487536	381.644828750152
"2/sp|P13637|AT1A3_HUMAN/sp|P05023|AT1A1_HUMAN"	"HUMAN"	730.386571312812	NA	826.104108327723	NA	NA	NA
"2/sp|P13797|PLST_HUMAN/sp|P13796|PLSL_HUMAN"	"HUMAN"	1182.26891801137	1145.55880588176	1028.85865746985	1227.40797586088	1240.17250658971	877.988449851998
"2/sp|P13797|PLST_HUMAN/sp|Q14651|PLSI_HUMAN"	"HUMAN"	372.389602035226	366.714591070036	381.029270704338	384.730160401685	379.608136561385	395.334915759988
"2/sp|P14407|FUMB_ECOLI/sp|P0AC33|FUMA_ECOLI"	"ECOLI"	NA	NA	NA	228.111952273682	239.003158662667	217.587181103523
"2/sp|P14625|ENPL_HUMAN/sp|Q58FF3|ENPLL_HUMAN"	"HUMAN"	NA	NA	157.150083165239	186.760008806851	146.966998602236	135.829812215116
"2/sp|P14923|PLAK_HUMAN/sp|P35222|CTNB1_HUMAN"	"HUMAN"	248.007866828629	280.501936756795	241.4430570379	280.245189246175	254.933673461908	261.320330229831
"2/sp|P15259|PGAM2_HUMAN/sp|P18669|PGAM1_HUMAN"	"HUMAN"	530.969858506171	510.792367033905	567.811310670868	536.342405972429	518.554628568097	609.399881328573
"2/sp|P16615|AT2A2_HUMAN/sp|O14983|AT2A1_HUMAN"	"HUMAN"	634.26740785402	585.592375901578	708.951499691612	667.675047730279	683.502507696195	638.18640256513
"2/sp|P17844|DDX5_HUMAN/sp|Q92841|DDX17_HUMAN"	"HUMAN"	3900.73520356312	4187.89531165661	3958.3157608238	3913.03616462991	3789.81120860739	3901.32051173063
"2/sp|P19318|NARY_ECOLI/sp|P11349|NARH_ECOLI"	"ECOLI"	NA	NA	NA	410.772881610621	432.510002806632	454.544264414008
"2/sp|P21281|VATB2_HUMAN/sp|P15313|VATB1_HUMAN"	"HUMAN"	NA	NA	193.091829159695	NA	236.196194044553	237.976889011891
"2/sp|P21333|FLNA_HUMAN/sp|O75369|FLNB_HUMAN"	"HUMAN"	292.289967043321	388.828280733458	354.906469801929	334.163673589275	337.778747962049	274.172014009552
"2/sp|P21333|FLNA_HUMAN/sp|Q14315|FLNC_HUMAN"	"HUMAN"	317.946823156109	329.761250918477	298.948257035867	326.068521927541	315.845287519145	321.103198052355
"2/sp|P22087|FBRL_HUMAN/sp|A6NHQ2|FBLL1_HUMAN"	"HUMAN"	1224.67145426767	1243.17040669552	1297.65749418323	1275.83716582809	1172.28340446921	1238.88097827511
"2/sp|P22090|RS4Y1_HUMAN/sp|P62701|RS4X_HUMAN"	"HUMAN"	413.954456889071	432.427717799563	434.216321115596	426.131064810995	440.704963031948	429.64447497404
"2/sp|P22392|NDKB_HUMAN/sp|O60361|NDK8_HUMAN"	"HUMAN"	1854.45115726728	1922.00413185853	1942.38896188096	1975.22525941433	1932.57117519845	2064.00020249436
"2/sp|P22392|NDKB_HUMAN/sp|P15531|NDKA_HUMAN"	"HUMAN"	8001.40597092731	7922.93423345832	8135.30501522002	8683.27946518074	8417.42991661635	9035.39474871321
"2/sp|P26639|SYTC_HUMAN/sp|A2RTX5|SYTC2_HUMAN"	"HUMAN"	NA	NA	NA	291.083954302373	NA	206.004239938678
"2/sp|P27302|TKT1_ECOLI/sp|P33570|TKT2_ECOLI"	"ECOLI"	378.673412581471	358.153520136135	340.831832943096	1188.06894315187	1211.16164115537	1172.42633485632
"2/sp|P27635|RL10_HUMAN/sp|Q96L21|RL10L_HUMAN"	"HUMAN"	2700.0018707303	2536.82500664115	2457.86034307114	2636.62292335825	2481.31032754604	2691.16488086061
"2/sp|P30046|DOPD_HUMAN/sp|A6NHG4|DDTL_HUMAN"	"HUMAN"	299.355312436791	404.352477526394	441.868541263478	391.665070568442	384.987403207656	387.614795892717
"2/sp|P30154|2AAB_HUMAN/sp|P30153|2AAA_HUMAN"	"HUMAN"	692.02551377489	616.124431877842	665.406401599749	663.187360681441	602.73844155525	659.429726648935
"2/sp|P31153|METK2_HUMAN/sp|Q00266|METK1_HUMAN"	"HUMAN"	583.525973347819	638.54073442647	NA	652.360853068121	658.533387385158	702.524608652467
"2/sp|P31323|KAP3_HUMAN/sp|P13861|KAP2_HUMAN"	"HUMAN"	176.687819838224	172.461629419685	NA	191.486807483653	197.809523449211	179.564775002282
"2/sp|P31946|1433B_HUMAN/sp|P61981|1433G_HUMAN"	"HUMAN"	701.911617719618	658.638202670473	617.330974621156	662.305159159504	667.419383425297	643.070538310817
"2/sp|P32119|PRDX2_HUMAN/sp|Q06830|PRDX1_HUMAN"	"HUMAN"	14781.2298903876	14912.3055011331	14375.4207980485	14402.5589999707	13567.802386021	14520.7639300641
"2/sp|P32322|P5CR1_HUMAN/sp|Q96C36|P5CR2_HUMAN"	"HUMAN"	738.21884533398	730.968883962985	750.219352847076	823.879475289931	841.706698990123	847.616355700519
"2/sp|P35241|RADI_HUMAN/sp|P26038|MOES_HUMAN"	"HUMAN"	608.907873754611	618.199311658939	608.508563171582	641.945025727486	557.122390512901	599.530852753517
"2/sp|P35579|MYH9_HUMAN/sp|P35580|MYH10_HUMAN"	"HUMAN"	2389.88992580519	2412.30013752471	2502.61954731135	2326.08462019322	2317.75321146577	2476.33757815646
"2/sp|P35609|ACTN2_HUMAN/sp|P12814|ACTN1_HUMAN"	"HUMAN"	NA	NA	NA	461.636424941946	NA	NA
"2/sp|P36507|MP2K2_HUMAN/sp|Q02750|MP2K1_HUMAN"	"HUMAN"	553.125754450782	691.512871772511	689.851458885457	598.077890651709	529.050227934942	514.79784514318
"2/sp|P40227|TCPZ_HUMAN/sp|Q92526|TCPW_HUMAN"	"HUMAN"	1298.66424855117	1316.10232080594	1174.59044407292	1170.19249460488	1306.27690750191	1364.32094017202
"2/sp|P40429|RL13A_HUMAN/sp|Q6NVV1|R13AX_HUMAN"	"HUMAN"	1760.42994694638	1609.12205680969	1835.44631702091	NA	NA	NA
"2/sp|P41091|IF2G_HUMAN/sp|Q2VIR3|IF2GL_HUMAN"	"HUMAN"	1055.76458550717	1014.66022696737	1093.04062783178	1046.88379735132	1017.60666039072	1051.27143475446
"2/sp|P42167|LAP2B_HUMAN/sp|P42166|LAP2A_HUMAN"	"HUMAN"	993.645580561494	1037.91531397701	993.136738921375	906.988521280102	1060.56483108101	1083.44653221907
"2/sp|P42632|TDCE_ECOLI/sp|P09373|PFLB_ECOLI"	"ECOLI"	1352.67055229813	1566.67722852975	1568.55349956034	5342.64785682755	4945.91633646315	5140.76409913535
"2/sp|P42677|RS27_HUMAN/sp|Q71UM5|RS27L_HUMAN"	"HUMAN"	1428.45680672794	1481.66460349641	1480.07228271714	1592.29462301749	1567.60994140504	1587.42908740716
"2/sp|P46439|GSTM5_HUMAN/sp|P09488|GSTM1_HUMAN"	"HUMAN"	NA	NA	NA	259.283911114541	NA	266.002095630207
"2/sp|P46783|RS10_HUMAN/sp|Q9NQ39|RS10L_HUMAN"	"HUMAN"	626.742825550394	585.859137970799	603.092057538588	630.897811090189	626.308643732451	601.475620083132
"2/sp|P47985|UCRI_HUMAN/sp|P0C7P4|UCRIL_HUMAN"	"HUMAN"	260.43698012043	157.925857742167	283.94828089226	275.57641518989	166.739719360113	242.12382094249
"2/sp|P49257|LMAN1_HUMAN/reverse_sp|Q9NUZ1|ACOXL_HUMAN"	"HUMAN"	206.549698626843	230.194848319749	214.806228748853	198.005209548211	196.418830199549	211.871039328655
"2/sp|P49448|DHE4_HUMAN/sp|P00367|DHE3_HUMAN"	"HUMAN"	1207.3356196377	1116.76866621777	1114.42732185691	1170.46914467893	1080.52400684674	1121.26930484658
"2/sp|P49590|SYHM_HUMAN/sp|P12081|SYHC_HUMAN"	"HUMAN"	866.519983163766	401.18618686253	855.485575291495	326.957209478378	356.289509130839	389.941556644186
"2/sp|P50395|GDIB_HUMAN/sp|P31150|GDIA_HUMAN"	"HUMAN"	1553.35056392301	1606.63763486881	1623.03555597204	1626.16665850344	1630.2952960452	1613.31399480927
"2/sp|P50502|F10A1_HUMAN/sp|Q8NFI4|F10A5_HUMAN"	"HUMAN"	371.517223773133	373.066946122112	382.543174958494	365.781717818675	343.040339249356	388.775639392394
"2/sp|P51532|SMCA4_HUMAN/sp|P51531|SMCA2_HUMAN"	"HUMAN"	143.208743745913	119.796926447555	NA	140.147267239681	140.242764421224	279.940398258994
"2/sp|P51692|STA5B_HUMAN/sp|P42229|STA5A_HUMAN"	"HUMAN"	NA	228.284922910867	NA	192.707155173917	NA	226.000963371279
"2/sp|P52895|AK1C2_HUMAN/sp|Q04828|AK1C1_HUMAN"	"HUMAN"	703.772020802949	857.181522851604	681.394661540502	687.24866009636	676.834898140037	764.303284621783
"2/sp|P53675|CLH2_HUMAN/sp|Q00610|CLH1_HUMAN"	"HUMAN"	1711.18422523584	1669.38925161044	1648.09423148273	1756.52284412826	1699.21856015267	1752.40588270882
"2/sp|P54727|RD23B_HUMAN/sp|P54725|RD23A_HUMAN"	"HUMAN"	NA	NA	231.624707133124	NA	NA	NA
"2/sp|P55786|PSA_HUMAN/sp|A6NEC2|PSAL_HUMAN"	"HUMAN"	744.209534413336	831.684838277213	683.689823974109	597.519759274178	643.649110328733	688.69532282708
"2/sp|P55795|HNRH2_HUMAN/sp|P31943|HNRH1_HUMAN"	"HUMAN"	2570.43077587082	2622.32544629307	2461.07760329454	2334.83406304494	2301.32284054366	2458.42239173378
"2/sp|P60660|MYL6_HUMAN/sp|P14649|MYL6B_HUMAN"	"HUMAN"	1334.66775480828	1341.76244242387	1358.7250817666	1377.35362550855	1353.12074710674	1410.74540709402
"2/sp|P61204|ARF3_HUMAN/sp|P84077|ARF1_HUMAN"	"HUMAN"	1056.61430677426	1137.39799525996	1096.1765694242	1166.54030480371	1113.94510789784	1193.98229262621
"2/sp|P61254|RL26_HUMAN/sp|Q9UNX3|RL26L_HUMAN"	"HUMAN"	2910.38302277717	3182.72023537688	2970.50522982563	2874.21440231173	3092.69196656756	2859.90255265284
"2/sp|P61326|MGN_HUMAN/sp|Q96A72|MGN2_HUMAN"	"HUMAN"	738.256342055176	603.597173627561	514.20707628194	513.992773977055	561.822186040217	598.968880285137
"2/sp|P62308|RUXG_HUMAN/sp|A8MWD9|RUXGL_HUMAN"	"HUMAN"	461.621435352377	452.826986644911	441.381206201809	463.034689830259	469.8247257302	478.836020699587
"2/sp|P62714|PP2AB_HUMAN/sp|P67775|PP2AA_HUMAN"	"HUMAN"	860.821371566066	990.46716575189	871.131169043212	918.650532979899	854.23109107038	848.208478588498
"2/sp|P62854|RS26_HUMAN/sp|Q5JNZ5|RS26L_HUMAN"	"HUMAN"	798.028948715235	792.551996630898	801.397818935538	730.797898122712	797.874271292241	733.147714988245
"2/sp|P62879|GBB2_HUMAN/sp|P62873|GBB1_HUMAN"	"HUMAN"	NA	306.809116350962	263.876728358107	NA	NA	NA
"2/sp|P63010|AP2B1_HUMAN/sp|Q10567|AP1B1_HUMAN"	"HUMAN"	533.212002137912	489.851548981925	508.666360456262	522.613758942548	462.142118585284	455.746121452905
"2/sp|P63162|RSMN_HUMAN/sp|P14678|RSMB_HUMAN"	"HUMAN"	1497.01122318984	1449.81619517268	1535.53527672597	1626.51398228146	1619.90474347871	1618.28367074107
"2/sp|P63261|ACTG_HUMAN/sp|P60709|ACTB_HUMAN"	"HUMAN"	59748.0000118328	60074.4373852822	57959.9412656323	60509.6031717671	58157.5911021545	59750.0304638877
"2/sp|P67936|TPM4_HUMAN/sp|P07951|TPM2_HUMAN"	"HUMAN"	1421.63252182871	1526.4241743572	1475.5811178185	1731.6899391339	1658.49694435569	1714.52382482104
"2/sp|P69910|DCEB_ECOLI/sp|P69908|DCEA_ECOLI"	"ECOLI"	6280.39219598285	6130.94620812956	6604.12566934015	24393.7408741895	23009.3527348673	23131.8370952838
"2/sp|P75682|YAGE_ECOLI/reverse_sp|P0AEC5|BARA_ECOLI"	"ECOLI"	1055.53766047744	1048.44802704914	1147.10690511915	3634.02782395004	3458.42735964708	3420.36994565345
"2/sp|P77695|GNSB_ECOLI/sp|P0AC92|GNSA_ECOLI"	"ECOLI"	NA	NA	NA	136.984688882234	NA	NA
"2/sp|Q01085|TIAR_HUMAN/sp|P31483|TIA1_HUMAN"	"HUMAN"	661.737244502003	644.993108399654	653.135381638241	593.579722355913	549.531595707137	584.228038030021
"2/sp|Q01813|K6PP_HUMAN/sp|P17858|K6PL_HUMAN"	"HUMAN"	170.950474400454	NA	NA	155.127196168141	157.045991210623	156.974762851914
"2/sp|Q02880|TOP2B_HUMAN/sp|P11388|TOP2A_HUMAN"	"HUMAN"	778.464488774398	799.009888520505	802.410735311124	752.370320296295	763.065303256081	765.242335991504
"2/sp|Q03252|LMNB2_HUMAN/sp|P20700|LMNB1_HUMAN"	"HUMAN"	436.534883104515	426.778472815071	420.329091705017	438.783927091271	428.255915747302	424.038530751978
"2/sp|Q04695|K1C17_HUMAN/sp|P02533|K1C14_HUMAN"	"HUMAN"	714.463023757158	864.870041058467	671.547532115692	660.982569332686	692.287683635693	681.330412083318
"2/sp|Q12906|ILF3_HUMAN/sp|Q96SI9|STRBP_HUMAN"	"HUMAN"	1083.88578747109	1475.11371379746	1262.94065229961	1426.34365993334	1446.30566418324	1163.43708960426
"2/sp|Q13162|PRDX4_HUMAN/sp|Q06830|PRDX1_HUMAN"	"HUMAN"	16482.0157629005	17425.5726774768	16627.2609467489	17890.566257904	17710.7654275913	18885.2090532581
"2/sp|Q13247|SRSF6_HUMAN/sp|Q08170|SRSF4_HUMAN"	"HUMAN"	273.876463226447	259.964726685987	234.098378127053	292.184761969046	283.871807632803	268.406254402204
"2/sp|Q13310|PABP4_HUMAN/sp|P11940|PABP1_HUMAN"	"HUMAN"	1023.8388846146	957.379636273345	979.434662308307	970.519891478637	885.922984057703	922.135563293662
"2/sp|Q13363|CTBP1_HUMAN/sp|P56545|CTBP2_HUMAN"	"HUMAN"	494.423076657178	493.612368803211	457.346453384669	470.91660347517	480.089169954678	476.267113743548
"2/sp|Q13620|CUL4B_HUMAN/sp|Q13619|CUL4A_HUMAN"	"HUMAN"	297.294774101712	224.222752876928	623.760259847624	380.523283207787	392.369880545547	341.686759057056
"2/sp|Q13838|DX39B_HUMAN/sp|O00148|DX39A_HUMAN"	"HUMAN"	4186.06104624715	4377.97474538996	4158.25199437373	4418.4599903212	4232.47127185887	4367.10804868346
"2/sp|Q14151|SAFB2_HUMAN/sp|Q15424|SAFB1_HUMAN"	"HUMAN"	644.845307356542	570.789455311169	585.410070431361	568.227486970075	607.901965686337	551.24043459868
"2/sp|Q14240|IF4A2_HUMAN/sp|P60842|IF4A1_HUMAN"	"HUMAN"	6133.80886773844	5967.19483289912	6023.65031794872	6199.75641623809	6130.0739607267	6289.05526645851
"2/sp|Q14315|FLNC_HUMAN/sp|O75369|FLNB_HUMAN"	"HUMAN"	190.37041129123	195.922977855241	206.564606005663	190.139156213365	184.322215407384	208.15929725158
"2/sp|Q14320|FA50A_HUMAN/sp|Q9Y247|FA50B_HUMAN"	"HUMAN"	218.379409805837	191.170957347271	207.973791639683	191.672321445493	209.333482161414	NA
"2/sp|Q15149|PLEC_HUMAN/sp|P58107|EPIPL_HUMAN"	"HUMAN"	2407.0139933807	2516.52979403558	2403.64649592998	2386.99518930288	2361.92672805468	2495.66814486119
"2/sp|Q15366|PCBP2_HUMAN/sp|P57721|PCBP3_HUMAN"	"HUMAN"	NA	NA	1354.20074059351	NA	NA	NA
"2/sp|Q15437|SC23B_HUMAN/sp|Q15436|SC23A_HUMAN"	"HUMAN"	NA	NA	373.931664731913	446.13541146716	299.727623865191	320.681971954454
"2/sp|Q15560|TCEA2_HUMAN/sp|P23193|TCEA1_HUMAN"	"HUMAN"	180.129926143593	218.233471269041	200.557977029008	203.356267775198	227.425283250145	230.942291141875
"2/sp|Q15819|UB2V2_HUMAN/sp|Q13404|UB2V1_HUMAN"	"HUMAN"	NA	721.226561863976	708.051547430537	671.444188312809	629.077384497923	662.33883885251
"2/sp|Q15907|RB11B_HUMAN/sp|P62491|RB11A_HUMAN"	"HUMAN"	1276.11946069253	1477.97676164874	1429.79767836411	1451.78309680431	1370.6517317745	1491.92027625994
"2/sp|Q16143|SYUB_HUMAN/sp|P37840|SYUA_HUMAN"	"HUMAN"	526.131355431776	547.409843048068	561.447957868155	613.824953248617	598.448227242293	640.730860366156
"2/sp|Q16576|RBBP7_HUMAN/sp|Q09028|RBBP4_HUMAN"	"HUMAN"	2141.14483938768	2254.57753649714	2282.81545349575	2474.22957730391	2562.36258776154	2510.74808176825
"2/sp|Q56UQ5|TPT1L_HUMAN/sp|P13693|TCTP_HUMAN"	"HUMAN"	NA	711.986794349506	535.826511610578	543.764144679606	612.839490725421	637.09306188163
"2/sp|Q5JXB2|UE2NL_HUMAN/sp|P61088|UBE2N_HUMAN"	"HUMAN"	931.884080175404	906.629767903635	1053.56915812134	961.068275897442	946.021544468608	861.233658492641
"2/sp|Q5T9A4|ATD3B_HUMAN/sp|Q9NVI7|ATD3A_HUMAN"	"HUMAN"	562.537834927259	565.105449639267	626.035816621561	607.905828849399	583.454255042896	606.407679328838
"2/sp|Q5VTE0|EF1A3_HUMAN/sp|P68104|EF1A1_HUMAN"	"HUMAN"	8998.75978463989	8788.96030582276	8029.17995588838	8380.02047237509	7719.13203209327	8259.81647608803
"2/sp|Q6IS14|IF5AL_HUMAN/sp|P63241|IF5A1_HUMAN"	"HUMAN"	1406.65008610076	1399.29121955393	1295.26660526876	1647.77490766142	1562.9667477614	1600.19765955836
"2/sp|Q6N069|NAA16_HUMAN/sp|Q9BXJ9|NAA15_HUMAN"	"HUMAN"	NA	NA	144.004548585656	NA	NA	NA
"2/sp|Q6PKG0|LARP1_HUMAN/sp|Q659C4|LAR1B_HUMAN"	"HUMAN"	169.077646986611	162.811105037099	NA	142.261572565749	146.578661535019	136.377344568247
"2/sp|Q7L576|CYFP1_HUMAN/sp|Q96F07|CYFP2_HUMAN"	"HUMAN"	210.92385400708	194.444268468808	189.656310197272	177.66994474248	169.164803718943	171.606052203871
"2/sp|Q7Z4I7|LIMS2_HUMAN/sp|P48059|LIMS1_HUMAN"	"HUMAN"	200.752970974411	NA	220.154736233245	211.43647788696	206.674555096884	215.982395926468
"2/sp|Q8IYD1|ERF3B_HUMAN/sp|P15170|ERF3A_HUMAN"	"HUMAN"	321.292437240486	575.12625899222	507.193636908587	414.329151619181	331.325252010253	299.961014729151
"2/sp|Q8IZP2|ST134_HUMAN/sp|P50502|F10A1_HUMAN"	"HUMAN"	722.997749674941	706.762855681209	738.744771180377	765.239710878115	748.883403124895	783.546026698096
"2/sp|Q8NEV1|CSK23_HUMAN/sp|P68400|CSK21_HUMAN"	"HUMAN"	255.889509636285	NA	NA	278.295176914225	NA	221.843006372444
"2/sp|Q8TD47|RS4Y2_HUMAN/sp|P62701|RS4X_HUMAN"	"HUMAN"	1328.59555894522	656.132645135013	1086.7977332444	NA	NA	672.252880021178
"2/sp|Q8TDI0|CHD5_HUMAN/sp|Q14839|CHD4_HUMAN"	"HUMAN"	215.412864506937	462.345390169385	131.073937959278	344.628619385552	633.496675990654	531.800802297123
"2/sp|Q8WU68|U2AF4_HUMAN/sp|Q01081|U2AF1_HUMAN"	"HUMAN"	218.524700774012	199.731585163657	234.378388916274	NA	240.112521948299	NA
"2/sp|Q8WUD1|RAB2B_HUMAN/sp|P61019|RAB2A_HUMAN"	"HUMAN"	883.659996188049	884.51768951681	975.912174550123	917.716589173318	912.648847556758	898.58412180325
"2/sp|Q92769|HDAC2_HUMAN/sp|Q13547|HDAC1_HUMAN"	"HUMAN"	880.69892036094	838.550001495545	815.295303151601	852.374908678597	851.93720240305	808.845678225508
"2/sp|Q92804|RBP56_HUMAN/sp|P35637|FUS_HUMAN"	"HUMAN"	1046.25696150797	1041.28658111629	1032.13480518195	1100.21905659838	1046.53923719646	1067.06406439107
"2/sp|Q92922|SMRC1_HUMAN/sp|Q8TAQ2|SMRC2_HUMAN"	"HUMAN"	319.939258300136	241.915066646476	362.336168220956	354.671036906012	536.77166124347	523.759277968119
"2/sp|Q92928|RAB1C_HUMAN/sp|Q9H0U4|RAB1B_HUMAN"	"HUMAN"	298.825816278848	255.345902540514	250.185733294096	267.220597210287	257.243008245821	274.805023426668
"2/sp|Q93045|STMN2_HUMAN/sp|P16949|STMN1_HUMAN"	"HUMAN"	832.429898226638	817.756778277744	890.380196232656	915.703970102097	901.980649083275	891.443254739173
"2/sp|Q93084|AT2A3_HUMAN/sp|P16615|AT2A2_HUMAN"	"HUMAN"	245.747218498042	278.125064313084	289.477675464316	285.040932135654	262.120728598229	291.322881677139
"2/sp|Q969Q0|RL36L_HUMAN/sp|P83881|RL36A_HUMAN"	"HUMAN"	NA	1527.57300955059	NA	1503.29931945909	NA	NA
"2/sp|Q96E39|RMXL1_HUMAN/sp|P38159|RBMX_HUMAN"	"HUMAN"	1237.55644405388	1224.78830107252	1282.16721299543	1382.29933247527	1200.6120435077	1350.79582510215
"2/sp|Q96HN2|SAHH3_HUMAN/sp|O43865|SAHH2_HUMAN"	"HUMAN"	119.72748229443	NA	NA	NA	186.522141905503	NA
"2/sp|Q96I24|FUBP3_HUMAN/sp|Q96AE4|FUBP1_HUMAN"	"HUMAN"	NA	NA	769.047196389113	736.740329902044	779.499010318171	742.078352503604
"2/sp|Q96SI9|STRBP_HUMAN/sp|Q12906|ILF3_HUMAN"	"HUMAN"	663.641497300374	971.653886459198	846.167012481524	940.909963588307	955.723139722364	630.755467289899
"2/sp|Q99733|NP1L4_HUMAN/sp|P55209|NP1L1_HUMAN"	"HUMAN"	598.098842736337	621.640960457346	590.798770265707	614.127750548283	644.141019687675	633.319412698005
"2/sp|Q9BQ39|DDX50_HUMAN/sp|Q9NR30|DDX21_HUMAN"	"HUMAN"	439.414806194972	453.066619197984	417.462774891385	415.573161704879	405.237871432321	409.981466938162
"2/sp|Q9BUF5|TBB6_HUMAN/sp|Q13509|TBB3_HUMAN"	"HUMAN"	446.181905099101	464.603953395001	438.74630085403	503.29465619044	518.464235152164	484.690369290608
"2/sp|Q9BWF3|RBM4_HUMAN/sp|Q9BQ04|RBM4B_HUMAN"	"HUMAN"	NA	127.552324661626	101.25177327928	NA	NA	NA
"2/sp|Q9BWM7|SFXN3_HUMAN/sp|Q9H9B4|SFXN1_HUMAN"	"HUMAN"	384.963714803378	402.032062287524	349.539730023679	358.611519571203	315.40521145714	334.6926955832
"2/sp|Q9H361|PABP3_HUMAN/sp|P11940|PABP1_HUMAN"	"HUMAN"	1565.51240656997	1648.76845940631	1752.016283704	1890.31242778106	1880.0623153101	1869.58242074281
"2/sp|Q9H9S3|S61A2_HUMAN/sp|P61619|S61A1_HUMAN"	"HUMAN"	331.727149434697	388.186144620211	411.074077363955	360.168111011058	359.892545100477	219.384152681722
"2/sp|Q9NQ29|LUC7L_HUMAN/sp|Q9Y383|LC7L2_HUMAN"	"HUMAN"	205.814524276066	209.918907888955	256.553155825532	223.244911055625	197.960842645358	199.506326337018
"2/sp|Q9NRH3|TBG2_HUMAN/sp|P23258|TBG1_HUMAN"	"HUMAN"	NA	NA	NA	NA	464.644534088704	570.640034075023
"2/sp|Q9NRW1|RAB6B_HUMAN/sp|P20340|RAB6A_HUMAN"	"HUMAN"	392.62844065838	413.676177240154	416.866128569633	457.674229200503	407.751587591634	460.972165419085
"2/sp|Q9NVJ2|ARL8B_HUMAN/sp|Q96BM9|ARL8A_HUMAN"	"HUMAN"	422.733394251598	NA	444.673994939642	391.425650950095	416.301441780294	402.264891669699
"2/sp|Q9UBF2|COPG2_HUMAN/sp|Q9Y678|COPG1_HUMAN"	"HUMAN"	535.639604511126	543.079890058193	491.524333211961	478.004487508128	498.761181135267	481.844431338145
"2/sp|Q9UHD9|UBQL2_HUMAN/sp|Q9UMX0|UBQL1_HUMAN"	"HUMAN"	188.507968233418	NA	200.458277500784	204.494727685142	183.605891606721	184.461897559561
"2/sp|Q9UJS0|CMC2_HUMAN/sp|O75746|CMC1_HUMAN"	"HUMAN"	873.880028731172	792.09198680928	821.362084773755	888.120061225758	807.843940976637	842.605263122741
"2/sp|Q9UL26|RB22A_HUMAN/sp|Q13636|RAB31_HUMAN"	"HUMAN"	324.638487112218	293.299873246657	259.809553470383	312.951547606813	300.395011474383	305.884130356401
"2/sp|Q9ULD0|OGDHL_HUMAN/sp|Q02218|ODO1_HUMAN"	"HUMAN"	894.497500455595	777.070700409326	941.538181839203	891.716518289734	912.058191189079	940.619421433413
"2/sp|Q9Y281|COF2_HUMAN/sp|P23528|COF1_HUMAN"	"HUMAN"	3294.88386203629	3583.2390812785	3188.94342025471	3614.93788926257	3949.36255561683	3835.14079169241
"2/sp|Q9Y490|TLN1_HUMAN/sp|Q9Y4G6|TLN2_HUMAN"	"HUMAN"	442.422187073248	662.908781330036	635.324153866064	740.489245952134	685.856039527004	694.560594430973
"2/sp|Q9Y6B6|SAR1B_HUMAN/sp|Q9NR31|SAR1A_HUMAN"	"HUMAN"	692.38849806893	771.543895983929	805.514821668635	797.732034430895	665.444516086264	658.247851898995
"2/tr|C8Z3P2|C8Z3P2_YEAS8/tr|C8Z7A5|C8Z7A5_YEAS8"	"YEAST"	NA	126.337375339318	170.344688060165	NA	NA	NA
"2/tr|C8Z3R8|C8Z3R8_YEAS8/tr|C8Z7C1|C8Z7C1_YEAS8"	"YEAST"	2595.47516623888	NA	1996.01868904239	NA	NA	NA
"2/tr|C8Z3Z5|C8Z3Z5_YEAS8/tr|C8Z5D6|C8Z5D6_YEAS8"	"YEAST"	1292.32565946346	NA	NA	NA	NA	NA
"2/tr|C8Z4C1|C8Z4C1_YEAS8/tr|D3UF51|D3UF51_YEAS8"	"YEAST"	4678.83168597867	4759.31229167912	4846.67035548925	2619.43744803001	2463.62794709046	2547.43640855976
"2/tr|C8Z4V3|C8Z4V3_YEAS8/tr|D3UEE9|D3UEE9_YEAS8"	"YEAST"	415.391072991892	NA	NA	NA	NA	NA
"2/tr|C8Z5D5|C8Z5D5_YEAS8/tr|C8Z3Z6|C8Z3Z6_YEAS8"	"YEAST"	64275.9734615143	63326.5831249305	67614.6479911022	62930.5848605269	63379.6162995526	65773.5294284873
"2/tr|C8Z6G5|C8Z6G5_YEAS8/tr|C8Z6B1|C8Z6B1_YEAS8"	"YEAST"	2390.87731949669	2574.56369623467	2485.58849620442	1398.98655530934	1352.55042837685	1355.46902586816
"2/tr|C8Z6H2|C8Z6H2_YEAS8/tr|C8Z6C2|C8Z6C2_YEAS8"	"YEAST"	1574.31740732078	1600.16696790961	1590.46276949069	849.823010796804	873.139277865447	877.710656736646
"2/tr|C8Z6M2|C8Z6M2_YEAS8/tr|C8ZEZ8|C8ZEZ8_YEAS8"	"YEAST"	5622.77021662409	5806.96773391352	6025.91497160217	3299.35685544425	3530.44457143851	3482.71479930199
"2/tr|C8Z762|C8Z762_YEAS8/tr|C8ZAJ4|C8ZAJ4_YEAS8"	"YEAST"	755.58225684069	NA	739.282450498395	NA	NA	NA
"2/tr|C8Z778|C8Z778_YEAS8/tr|C8ZAI2|C8ZAI2_YEAS8"	"YEAST"	329.400649842026	306.297076626043	251.735531068317	NA	NA	NA
"2/tr|C8Z793|C8Z793_YEAS8/tr|C8ZAH1|C8ZAH1_YEAS8"	"YEAST"	979.839160699069	917.837638628633	924.751936222352	497.547914117286	374.089915385107	228.614691591116
"2/tr|C8Z7F2|C8Z7F2_YEAS8/tr|C8Z7F1|C8Z7F1_YEAS8"	"YEAST"	NA	273.818361890178	NA	NA	NA	230.165239879678
"2/tr|C8Z7K1|C8Z7K1_YEAS8/tr|C8Z516|C8Z516_YEAS8"	"YEAST"	3205.42461763177	3222.48717913563	3166.26521603672	1583.51211910359	1440.00713779408	1547.92332835505
"2/tr|C8Z805|C8Z805_YEAS8/tr|C8Z7Y9|C8Z7Y9_YEAS8"	"YEAST"	1475.99368781379	1542.17257505585	1403.14548382938	NA	NA	820.635635977303
"2/tr|C8Z845|C8Z845_YEAS8/tr|C8Z733|C8Z733_YEAS8"	"YEAST"	1232.12041929555	1335.43441634003	1294.53583677386	1197.4166504979	1123.26451847666	1139.64625538101
"2/tr|C8Z8I5|C8Z8I5_YEAS8/tr|D3UEW4|D3UEW4_YEAS8"	"YEAST"	1039.52386488772	1113.60982449332	1119.8288206316	744.793183280316	765.173932152955	906.108277139615
"2/tr|C8Z8S7|C8Z8S7_YEAS8/tr|C8ZDU9|C8ZDU9_YEAS8"	"YEAST"	246.018504999151	274.887773653681	297.485344179974	NA	105.706784591699	78.2478354128453
"2/tr|C8Z917|C8Z917_YEAS8/tr|C8ZJG8|C8ZJG8_YEAS8"	"YEAST"	1445.5133665924	1560.10599825576	1509.22348208832	800.199439279886	834.604916236409	879.674834458858
"2/tr|C8Z942|C8Z942_YEAS8/tr|C8Z8L1|C8Z8L1_YEAS8"	"YEAST"	2272.13501360447	2332.27380876529	2228.41510334118	793.463174839299	915.983531720575	1224.15571704948
"2/tr|C8Z985|C8Z985_YEAS8/tr|C8ZBG2|C8ZBG2_YEAS8"	"YEAST"	298.18147260314	322.843870852107	343.55703753377	156.851719799997	159.898414378563	161.517811370761
"2/tr|C8Z985|C8Z985_YEAS8/tr|C8ZBG4|C8ZBG4_YEAS8"	"YEAST"	21741.6805473501	22154.4569512115	21889.1090234241	11354.8832556871	11514.1285040437	11951.8868141722
"2/tr|C8Z9A2|C8Z9A2_YEAS8/tr|C8ZD15|C8ZD15_YEAS8"	"YEAST"	2531.23696298555	2570.65709678793	2548.99300996881	1506.77575155838	1447.78411273832	1602.32934470726
"2/tr|C8Z9P9|C8Z9P9_YEAS8/tr|C8Z5R4|C8Z5R4_YEAS8"	"YEAST"	389.071135429273	365.709884675262	395.831508068569	208.924196139568	248.564412884652	NA
"2/tr|C8ZA30|C8ZA30_YEAS8/tr|C8ZCS9|C8ZCS9_YEAS8"	"YEAST"	7418.29372066322	7451.11160991041	7260.62803951418	3881.6325613143	3843.18391631877	3751.14228570826
"2/tr|C8ZA83|C8ZA83_YEAS8/tr|C8Z7V9|C8Z7V9_YEAS8"	"YEAST"	NA	340.749059664879	NA	NA	NA	NA
"2/tr|C8ZA88|C8ZA88_YEAS8/tr|C8ZC18|C8ZC18_YEAS8"	"YEAST"	4070.37030766979	3989.95559344718	4033.45345046952	2323.3402863914	2263.53099721357	2245.41488987512
"2/tr|C8ZAJ3|C8ZAJ3_YEAS8/tr|C8Z768|C8Z768_YEAS8"	"YEAST"	3505.83325875516	3537.2386024443	3576.14665993047	1800.16065493672	1885.30148193516	1906.68181389251
"2/tr|C8ZB42|C8ZB42_YEAS8/tr|C8ZBZ5|C8ZBZ5_YEAS8"	"YEAST"	4141.94321551566	4273.23726025798	4007.33827495342	2134.66086317932	2140.7373991046	2226.67726809957
"2/tr|C8ZB82|C8ZB82_YEAS8/tr|C8ZCM0|C8ZCM0_YEAS8"	"YEAST"	1123.02986040541	1126.74860408029	1216.42377587064	642.083298786318	620.815094540585	627.017439111725
"2/tr|C8ZBG4|C8ZBG4_YEAS8/tr|C8ZBG2|C8ZBG2_YEAS8"	"YEAST"	1995.88621229107	2050.08114077203	1858.37111334924	1008.73139996133	860.088566126652	NA
"2/tr|C8ZBQ0|C8ZBQ0_YEAS8/tr|C8Z3Q9|C8Z3Q9_YEAS8"	"YEAST"	390.349139240284	452.1209391153	436.435618261092	NA	NA	NA
"2/tr|C8ZC17|C8ZC17_YEAS8/tr|C8ZAB8|C8ZAB8_YEAS8"	"YEAST"	453.857760051888	262.404384641217	522.702588105201	159.878572208235	147.009655940013	NA
"2/tr|C8ZC49|C8ZC49_YEAS8/tr|C8ZEV6|C8ZEV6_YEAS8"	"YEAST"	92.8007205649169	NA	110.666370847559	NA	NA	NA
"2/tr|C8ZCU8|C8ZCU8_YEAS8/tr|C8Z3H3|C8Z3H3_YEAS8"	"YEAST"	9920.79226528288	9617.67134586744	9678.4942970211	9385.55086214488	8840.32447653915	9388.59125852837
"2/tr|C8ZD00|C8ZD00_YEAS8/tr|C8ZEX4|C8ZEX4_YEAS8"	"YEAST"	616.805523663627	704.432515996239	568.479697309512	255.683643243862	NA	180.164286185555
"2/tr|C8ZD16|C8ZD16_YEAS8/tr|C8Z8Y1|C8Z8Y1_YEAS8"	"YEAST"	4053.05447295911	4438.96329150755	4141.04981351626	2008.70214085698	2161.83755432523	2194.89742204329
"2/tr|C8ZD20|C8ZD20_YEAS8/tr|C8Z9A6|C8Z9A6_YEAS8"	"YEAST"	13698.038811667	13849.0980912867	13334.6614014266	7066.08595454137	7016.03958331546	7416.35346483244
"2/tr|C8ZDA3|C8ZDA3_YEAS8/tr|C8ZD16|C8ZD16_YEAS8"	"YEAST"	18769.8231719214	19429.8025196479	18333.7987135048	10275.0502188831	9845.24792419572	10242.7204746325
"2/tr|C8ZDM8|C8ZDM8_YEAS8/tr|C8ZGS8|C8ZGS8_YEAS8"	"YEAST"	3754.21564814865	3816.21770484923	4091.00324494522	1946.17356499759	1872.20187382845	2051.64202417334
"2/tr|C8ZDU4|C8ZDU4_YEAS8/tr|C8Z8S1|C8Z8S1_YEAS8"	"YEAST"	713.469178077062	670.654780449459	1106.62544482677	283.119812223139	470.100390901046	478.082543010258
"2/tr|C8ZDX7|C8ZDX7_YEAS8/tr|C8ZB29|C8ZB29_YEAS8"	"YEAST"	5968.06582549319	6146.86195529706	6025.35646745095	3135.45506827615	3140.69987405764	3053.99518461092
"2/tr|C8ZE15|C8ZE15_YEAS8/tr|C8Z4J5|C8Z4J5_YEAS8"	"YEAST"	4148.609874605	4042.52302004937	4194.52985028423	2433.43537681962	2384.28437697259	2331.87150933941
"2/tr|C8ZE40|C8ZE40_YEAS8/tr|C8Z7M4|C8Z7M4_YEAS8"	"YEAST"	274.949169888417	245.310137779343	248.777672959991	140.301375641505	NA	NA
"2/tr|C8ZE40|C8ZE40_YEAS8/tr|C8ZEF1|C8ZEF1_YEAS8"	"YEAST"	673.506112130988	387.257913430658	629.4518126063	169.056183775158	NA	177.337202520169
"2/tr|C8ZE78|C8ZE78_YEAS8/tr|C8ZEB9|C8ZEB9_YEAS8"	"YEAST"	4426.87605406853	526.62186947162	441.3633725626	262.409803392304	318.175159428222	373.459635355313
"2/tr|C8ZED2|C8ZED2_YEAS8/tr|C8ZE55|C8ZE55_YEAS8"	"YEAST"	3661.90326265382	3646.72325758453	3641.05691620363	2020.11527485851	1999.43497481091	1983.76639367468
"2/tr|C8ZEE2|C8ZEE2_YEAS8/tr|C8ZE49|C8ZE49_YEAS8"	"YEAST"	3735.54997280187	3936.37611875625	3814.82581829774	1949.24109241067	1917.84092335646	2018.93875246503
"2/tr|C8ZEI0|C8ZEI0_YEAS8/tr|C8Z605|C8Z605_YEAS8"	"YEAST"	6554.42262110496	6771.43569741307	6763.87304834251	3479.59366808156	3458.11517892605	3483.28875145069
"2/tr|C8ZEQ9|C8ZEQ9_YEAS8/tr|C8Z3W6|C8Z3W6_YEAS8"	"YEAST"	526.937154171729	516.483056492307	NA	NA	NA	318.794141346515
"2/tr|C8ZEV7|C8ZEV7_YEAS8/tr|C8ZC48|C8ZC48_YEAS8"	"YEAST"	263.161563487626	262.373028937011	240.556231038862	151.951009077993	132.710209110583	121.848556336681
"2/tr|C8ZEX5|C8ZEX5_YEAS8/tr|C8ZD01|C8ZD01_YEAS8"	"YEAST"	2526.14287733677	2567.31410157328	2499.53199201738	1354.30316539416	1301.56665529437	1356.90413971561
"2/tr|C8ZF29|C8ZF29_YEAS8/tr|C8ZF30|C8ZF30_YEAS8"	"YEAST"	439.04003526404	430.231206732369	461.808138668457	257.93428701328	264.75433787154	252.499399139831
"2/tr|C8ZF50|C8ZF50_YEAS8/tr|C8ZID9|C8ZID9_YEAS8"	"YEAST"	17526.3991964305	18102.502915241	17766.1666832503	13963.56745568	13277.6549134009	14123.6395144041
"2/tr|C8ZF58|C8ZF58_YEAS8/tr|C8ZIC9|C8ZIC9_YEAS8"	"YEAST"	4467.67020127098	4655.85079570595	4589.17594135102	2379.07168319485	2311.03384688657	2433.68095625409
"2/tr|C8ZFP3|C8ZFP3_YEAS8/sp|C8ZF72|HFA1_YEAS8"	"YEAST"	679.823957624894	693.946347190412	695.38114003941	410.39874621697	376.315261431217	401.018227258266
"2/tr|C8ZFV1|C8ZFV1_YEAS8/tr|C8Z7M2|C8Z7M2_YEAS8"	"YEAST"	419.070424307908	392.517384124481	NA	NA	NA	NA
"2/tr|C8ZG23|C8ZG23_YEAS8/tr|C8Z6P0|C8Z6P0_YEAS8"	"YEAST"	14854.5466026734	14684.5742359587	15004.2950906632	7361.27769441402	6894.4888882746	7606.46846218123
"2/tr|C8ZGC6|C8ZGC6_YEAS8/tr|C8ZI69|C8ZI69_YEAS8"	"YEAST"	817.881228870038	841.969670416948	792.61949602191	481.092944951441	396.40840772122	409.799207810137
"2/tr|C8ZGG3|C8ZGG3_YEAS8/tr|C8Z8A3|C8Z8A3_YEAS8"	"YEAST"	3362.57574730835	3436.1610097215	3319.21753392222	1744.68073834947	1746.6779554214	1677.04796660301
"2/tr|C8ZGJ2|C8ZGJ2_YEAS8/tr|C8ZFW0|C8ZFW0_YEAS8"	"YEAST"	498.338173596244	515.89073512575	451.381267405989	277.383771896779	241.384005030507	268.528212960972
"2/tr|C8ZGR1|C8ZGR1_YEAS8/tr|C8Z5W9|C8Z5W9_YEAS8"	"YEAST"	NA	NA	96.0450780189498	NA	NA	NA
"2/tr|C8ZGU4|C8ZGU4_YEAS8/tr|C8ZDQ7|C8ZDQ7_YEAS8"	"YEAST"	1424.01757773095	1537.15377026231	1568.38723230436	1321.65672809941	1403.55609878123	1294.41727164266
"2/tr|C8ZH43|C8ZH43_YEAS8/tr|C8ZF94|C8ZF94_YEAS8"	"YEAST"	254.233543151019	147.635022989023	254.864573361769	NA	NA	NA
"2/tr|C8ZH98|C8ZH98_YEAS8/tr|C8Z3F1|C8Z3F1_YEAS8"	"YEAST"	9809.62307447526	10456.7517491424	9835.66613921306	5379.57052831534	NA	NA
"2/tr|C8ZHC3|C8ZHC3_YEAS8/tr|C8Z3M7|C8Z3M7_YEAS8"	"YEAST"	2587.66709632161	2720.70146543077	2569.79530126522	1418.88506488636	1652.37170031716	1536.08920357902
"2/tr|C8ZHJ5|C8ZHJ5_YEAS8/tr|D3UFA5|D3UFA5_YEAS8"	"YEAST"	6402.30887329454	6592.64827038042	6296.85763978801	3241.59785068905	3172.81185992632	3387.75992454385
"2/tr|C8ZI57|C8ZI57_YEAS8/tr|C8ZGD5|C8ZGD5_YEAS8"	"YEAST"	2126.76227746517	2114.26467887267	2265.05143788854	1171.94021215716	1140.43667547989	1149.05065328564
"2/tr|C8ZII1|C8ZII1_YEAS8/tr|C8Z8H1|C8Z8H1_YEAS8"	"YEAST"	5541.40220714318	5533.85894889539	5620.23791068954	3085.24613597474	3147.78141869125	3203.36446638481
"2/tr|C8ZIN6|C8ZIN6_YEAS8/tr|C8ZGY8|C8ZGY8_YEAS8"	"YEAST"	3839.94187184914	3822.87110821332	3722.20106265914	1814.2293156887	1984.02102307367	1862.24368053064
"2/tr|C8ZIU9|C8ZIU9_YEAS8/tr|D3UET2|D3UET2_YEAS8"	"YEAST"	6179.04992767822	6282.03460667863	5912.47795812899	4737.57880071333	4703.82855922152	4773.20652948912
"2/tr|C8ZIV1|C8ZIV1_YEAS8/tr|D3UET4|D3UET4_YEAS8"	"YEAST"	5028.43323432112	5400.40253148574	5253.12854126606	2963.88724856692	2834.6933508223	2891.48453565331
"2/tr|C8ZIZ3|C8ZIZ3_YEAS8/tr|C8Z8N5|C8Z8N5_YEAS8"	"YEAST"	10257.8791749383	10671.2136588207	10997.036358129	5778.95317552199	5441.36885549029	5876.89153868536
"2/tr|C8ZJA6|C8ZJA6_YEAS8/tr|D3UEL3|D3UEL3_YEAS8"	"YEAST"	166.506176068863	154.951624773774	143.314210348301	99.1126177281584	NA	NA
"2/tr|C8ZJC4|C8ZJC4_YEAS8/tr|C8Z8X9|C8Z8X9_YEAS8"	"YEAST"	2917.72331252809	2973.73237500914	2875.96017627087	1481.88753444017	1441.26137234634	1594.67272244478
"2/tr|C8ZJF4|C8ZJF4_YEAS8/tr|C8Z909|C8Z909_YEAS8"	"YEAST"	2147.74400786793	2349.21423106457	2370.43599165867	733.872357972035	782.321017589317	796.257110964158
"2/tr|D3UEC7|D3UEC7_YEAS8/tr|C8Z4T1|C8Z4T1_YEAS8"	"YEAST"	5899.20127150941	5831.99955103939	5892.37657861676	3078.65745814509	2875.74791920617	2914.32168039424
"2/tr|D3UEH9|D3UEH9_YEAS8/tr|C8Z3W6|C8Z3W6_YEAS8"	"YEAST"	2420.94937999854	2664.34418121443	2390.7170642923	1295.29287271807	1240.83480705094	1389.12511784111
"2/tr|D3UER4|D3UER4_YEAS8/tr|C8ZIS4|C8ZIS4_YEAS8"	"YEAST"	3404.4409310506	3675.47650803487	3504.65792309122	2022.17800673845	1886.90375868837	1972.93280814267
"2/tr|D3UES5|D3UES5_YEAS8/tr|C8ZIU0|C8ZIU0_YEAS8"	"YEAST"	6028.47670945146	6110.2939575681	5835.51469651748	3159.59279761467	3069.90903619952	3169.17683750684
"2/tr|D3UEZ6|D3UEZ6_YEAS8/tr|C8Z4V7|C8Z4V7_YEAS8"	"YEAST"	342.271410455721	352.969765158905	340.810181010188	180.100973687499	NA	198.019280812686
"2/tr|D3UF94|D3UF94_YEAS8/tr|C8Z6W7|C8Z6W7_YEAS8"	"YEAST"	3105.31454260003	3205.85520426183	3128.84170411848	1636.38034314198	1580.75381326291	1682.36299414461
"3/sp|A6NIZ1|RP1BL_HUMAN/sp|P61224|RAP1B_HUMAN/sp|P62834|RAP1A_HUMAN"	"HUMAN"	432.528929815882	500.12342379393	538.459763728052	365.42863394873	390.554645130268	408.329106778515
"3/sp|O00506|STK25_HUMAN/sp|Q9Y6E0|STK24_HUMAN/sp|Q9P289|MST4_HUMAN"	"HUMAN"	289.480148780572	NA	274.691004506063	297.742647231821	280.953870769423	NA
"3/sp|O15020|SPTN2_HUMAN/sp|Q01082|SPTB2_HUMAN/sp|P11277|SPTB1_HUMAN"	"HUMAN"	NA	NA	NA	195.25706374951	NA	NA
"3/sp|O43707|ACTN4_HUMAN/sp|P35609|ACTN2_HUMAN/sp|P12814|ACTN1_HUMAN"	"HUMAN"	943.020555309329	1023.76667939742	982.003517253218	965.411893268714	1011.25570778589	881.565432692806
"3/sp|O60684|IMA7_HUMAN/sp|P52294|IMA5_HUMAN/sp|O15131|IMA6_HUMAN"	"HUMAN"	367.461129676338	321.254115730691	410.689763300382	362.827008129938	321.755426875066	416.647905532451
"3/sp|P00330|ADH1_YEAST/tr|C8ZFH1|C8ZFH1_YEAS8/tr|C8ZHN0|C8ZHN0_YEAS8"	"YEAST"	23336.9911535037	24111.5349383681	23805.584832181	12750.9439985696	12712.6253297649	12884.4274320751
"3/sp|P00925|ENO2_YEAST/sp|P00924|ENO1_YEAST/tr|C8Z9E6|C8Z9E6_YEAS8"	"YEAST"	36280.8099430108	36845.8643938445	35609.8819677638	18847.7896091981	18450.3247372648	19597.0514990762
"3/sp|P08238|HS90B_HUMAN/sp|Q58FF7|H90B3_HUMAN/sp|Q58FF8|H90B2_HUMAN"	"HUMAN"	NA	3128.75018233031	3322.33749186858	3336.00451442468	3265.16213682043	3291.9969051487
"3/sp|P08729|K2C7_HUMAN/sp|Q5XKE5|K2C79_HUMAN/sp|Q14CN4|K2C72_HUMAN"	"HUMAN"	500.513749669662	444.257234263998	651.854207229975	427.801443881533	455.666463602959	465.756510746981
"3/sp|P09104|ENOG_HUMAN/sp|P13929|ENOB_HUMAN/sp|P06733|ENOA_HUMAN"	"HUMAN"	9078.76514970753	9024.81110261054	9193.9285336409	8725.02159574602	8799.1362044511	9008.59718861593
"3/sp|P10412|H14_HUMAN/sp|P16402|H13_HUMAN/sp|P16403|H12_HUMAN"	"HUMAN"	27945.7656076271	28373.5924666434	28533.1083143844	28032.0338937241	26894.1458696006	28531.7892164605
"3/sp|P11217|PYGM_HUMAN/sp|P06737|PYGL_HUMAN/sp|P11216|PYGB_HUMAN"	"HUMAN"	NA	428.278694470714	416.789533317546	448.99060028056	476.541387272439	450.818080942338
"3/sp|P12236|ADT3_HUMAN/sp|P05141|ADT2_HUMAN/sp|P12235|ADT1_HUMAN"	"HUMAN"	3524.47501451559	3668.33769123064	3507.24703393355	3819.72888836966	3633.73956340496	3932.54192991241
"3/sp|P13637|AT1A3_HUMAN/sp|P50993|AT1A2_HUMAN/sp|P05023|AT1A1_HUMAN"	"HUMAN"	553.830858197771	590.033408059261	510.69642083641	517.481756902691	560.852541204938	609.405801136542
"3/sp|P13797|PLST_HUMAN/sp|P13796|PLSL_HUMAN/sp|Q14651|PLSI_HUMAN"	"HUMAN"	1024.35903695722	1067.65814764901	1025.66846088708	1050.31574141164	958.446570596356	1035.2344546179
"3/sp|P13797|PLST_HUMAN/sp|Q14651|PLSI_HUMAN/sp|P13796|PLSL_HUMAN"	"HUMAN"	262.465617981614	262.482417677611	261.593141374557	334.507863638965	39.5747424629079	340.650379741341
"3/sp|P16989|YBOX3_HUMAN/sp|Q9Y2T7|YBOX2_HUMAN/sp|P67809|YBOX1_HUMAN"	"HUMAN"	416.794718050537	407.297376413564	386.877109027581	144.04252069198	146.385978375625	155.977236285549
"3/sp|P17516|AK1C4_HUMAN/sp|P42330|AK1C3_HUMAN/sp|Q04828|AK1C1_HUMAN"	"HUMAN"	1927.27286333141	1969.39454189723	2364.99451805907	2323.74621353832	2123.52849237211	2146.11528399144
"3/sp|P21108|PRPS3_HUMAN/sp|P11908|PRPS2_HUMAN/sp|P60891|PRPS1_HUMAN"	"HUMAN"	1368.91914631419	1412.94277919891	1390.41861853153	1331.86039662105	1319.89085474883	1332.15535160368
"3/sp|P21333|FLNA_HUMAN/sp|Q14315|FLNC_HUMAN/sp|O75369|FLNB_HUMAN"	"HUMAN"	4039.30807554771	4481.23728314341	4430.14816939937	4287.01375770041	4224.25216156773	4380.77171274584
"3/sp|P22392|NDKB_HUMAN/sp|P15531|NDKA_HUMAN/sp|O60361|NDK8_HUMAN"	"HUMAN"	5819.14827218749	5811.04882503062	5980.71607961657	5928.42097008293	6078.40876275952	5916.49470786957
"3/sp|P23497|SP100_HUMAN/sp|P09429|HMGB1_HUMAN/sp|B2RPK0|HGB1A_HUMAN"	"HUMAN"	NA	642.83732361811	622.654632558848	676.229319705889	675.989003445721	715.248684718295
"3/sp|P24844|MYL9_HUMAN/sp|O14950|ML12B_HUMAN/sp|P19105|ML12A_HUMAN"	"HUMAN"	1077.17882018741	1098.51708937606	1150.46242244911	1121.22154387361	1121.70060573454	1138.63087848699
"3/sp|P33176|KINH_HUMAN/sp|O60282|KIF5C_HUMAN/sp|Q12840|KIF5A_HUMAN"	"HUMAN"	310.434103395175	284.93673008179	299.680797357643	277.018893479924	325.679739071034	250.639745954836
"3/sp|P34932|HSP74_HUMAN/sp|O95757|HS74L_HUMAN/sp|Q92598|HS105_HUMAN"	"HUMAN"	854.975587544987	NA	779.252945801511	764.158382023519	763.597334007022	797.749330519544
"3/sp|P35241|RADI_HUMAN/sp|P26038|MOES_HUMAN/sp|P15311|EZRI_HUMAN"	"HUMAN"	8459.55671836477	8526.38786289109	8468.75152770786	8190.00455556754	8127.93318947122	8313.32655533251
"3/sp|P36873|PP1G_HUMAN/sp|P62140|PP1B_HUMAN/sp|P62136|PP1A_HUMAN"	"HUMAN"	809.079989652515	793.519588630565	832.71071252222	865.728939129561	936.856696746672	930.958076794425
"3/sp|P38919|IF4A3_HUMAN/sp|Q14240|IF4A2_HUMAN/sp|P60842|IF4A1_HUMAN"	"HUMAN"	1610.40093505467	1821.26925502445	1583.83529624544	1735.48199037288	1452.62444277058	1572.6487786093
"3/sp|P48741|HSP77_HUMAN/sp|P17066|HSP76_HUMAN/sp|P08107|HSP71_HUMAN"	"HUMAN"	3216.12688593527	3371.35147262547	3212.1744415657	3388.80373440169	3192.69369139258	3340.54489837998
"3/sp|P51148|RAB5C_HUMAN/sp|P61020|RAB5B_HUMAN/sp|P20339|RAB5A_HUMAN"	"HUMAN"	845.751559372866	898.116884761631	866.517155354876	870.964734012283	894.750322974748	890.363332447977
"3/sp|P62937|PPIA_HUMAN/sp|F5H284|PAL4D_HUMAN/sp|Q9Y536|PAL4A_HUMAN"	"HUMAN"	8167.66933695892	8419.38156257622	8653.14741668269	8084.71820982643	7821.86564046172	8024.27395755216
"3/sp|P68371|TBB4B_HUMAN/sp|Q9BVA1|TBB2B_HUMAN/sp|Q13885|TBB2A_HUMAN"	"HUMAN"	774.663966325641	NA	687.205666013281	518.543830284919	553.298508217812	623.938536161693
"3/sp|P69849|NOMO3_HUMAN/sp|Q5JPE7|NOMO2_HUMAN/sp|Q15155|NOMO1_HUMAN"	"HUMAN"	316.613323174336	165.822470715986	334.129175301545	344.062636828294	247.578985952761	264.290535761862
"3/sp|Q03013|GSTM4_HUMAN/sp|P28161|GSTM2_HUMAN/sp|P09488|GSTM1_HUMAN"	"HUMAN"	161.836549166452	183.201586118618	189.53308535496	180.18139068717	215.636374894585	179.939117302317
"3/sp|Q03252|LMNB2_HUMAN/sp|P20700|LMNB1_HUMAN/sp|P02545|LMNA_HUMAN"	"HUMAN"	1746.87915873718	1756.0153965884	1683.18743700696	1949.06351921932	1818.75512881789	1951.47443956232
"3/sp|Q14573|ITPR3_HUMAN/sp|Q14571|ITPR2_HUMAN/sp|Q14643|ITPR1_HUMAN"	"HUMAN"	NA	NA	NA	NA	202.809890324923	249.027755298492
"3/sp|Q15366|PCBP2_HUMAN/sp|P57721|PCBP3_HUMAN/sp|Q15365|PCBP1_HUMAN"	"HUMAN"	1463.93649541461	1479.72294390842	1451.37110803278	1527.9372303131	1356.18559413526	1436.91602612017
"3/sp|Q3ZCM7|TBB8_HUMAN/sp|P68371|TBB4B_HUMAN/sp|P04350|TBB4A_HUMAN"	"HUMAN"	3710.19964876152	3672.277549318	3725.071666956	3633.84256863121	3587.78523494355	3543.77735501637
"3/sp|Q5T2N8|ATD3C_HUMAN/sp|Q5T9A4|ATD3B_HUMAN/sp|Q9NVI7|ATD3A_HUMAN"	"HUMAN"	1290.29326542787	1297.27536847022	1338.0591207042	1280.41957321009	1259.66295351575	1320.10358315748
"3/sp|Q5VTE0|EF1A3_HUMAN/sp|Q05639|EF1A2_HUMAN/sp|P68104|EF1A1_HUMAN"	"HUMAN"	9385.95247755729	9497.16567493379	9314.95507288082	10237.818050831	9669.69067682814	10539.0028175073
"3/sp|Q6IS14|IF5AL_HUMAN/sp|Q9GZV4|IF5A2_HUMAN/sp|P63241|IF5A1_HUMAN"	"HUMAN"	1967.06888154826	2204.0770233352	2107.57693372176	2218.99262964612	2295.48932015129	2267.13341313048
"3/sp|Q6S8J3|POTEE_HUMAN/sp|P63261|ACTG_HUMAN/sp|P60709|ACTB_HUMAN"	"HUMAN"	5788.56884656196	6702.45381159123	6413.86130901266	3946.71432177957	4175.52787771081	4508.68649062304
"3/sp|Q8IZP2|ST134_HUMAN/sp|P50502|F10A1_HUMAN/sp|Q8NFI4|F10A5_HUMAN"	"HUMAN"	1416.53791107904	1444.03005597937	1420.2913479915	1459.57309248768	1374.04307055436	1407.31921535644
"3/sp|Q8N0Y7|PGAM4_HUMAN/sp|P15259|PGAM2_HUMAN/sp|P18669|PGAM1_HUMAN"	"HUMAN"	2003.98010197186	2092.23097483766	1952.98997583854	1745.38852942868	1795.83836937422	1752.18080758153
"3/sp|Q8TD47|RS4Y2_HUMAN/sp|P22090|RS4Y1_HUMAN/sp|P62701|RS4X_HUMAN"	"HUMAN"	2684.45032257709	2722.98380234373	2707.41302977263	2706.51601288751	2820.56100652539	2857.09332126948
"3/sp|Q8TDI0|CHD5_HUMAN/sp|Q14839|CHD4_HUMAN/sp|Q12873|CHD3_HUMAN"	"HUMAN"	373.299687724885	304.893199552633	378.541200078474	359.963329223517	355.7355181845	345.539942443835
"3/sp|Q93084|AT2A3_HUMAN/sp|P16615|AT2A2_HUMAN/sp|O14983|AT2A1_HUMAN"	"HUMAN"	205.264452018377	739.308570840273	631.149167442454	662.706396071981	678.300445508075	542.790094056158
"3/sp|Q9BQE3|TBA1C_HUMAN/sp|P68363|TBA1B_HUMAN/sp|Q71U36|TBA1A_HUMAN"	"HUMAN"	19074.1516326195	20073.5385112109	19173.6587165282	20942.7936223106	19537.653909157	20248.0231174373
"3/sp|Q9H361|PABP3_HUMAN/sp|Q13310|PABP4_HUMAN/sp|P11940|PABP1_HUMAN"	"HUMAN"	679.059546320411	637.867333287118	617.596504466933	687.388015824197	632.096874997148	636.880591860887
"3/sp|Q9HAV0|GBB4_HUMAN/sp|P62879|GBB2_HUMAN/sp|P62873|GBB1_HUMAN"	"HUMAN"	622.583111628262	679.022675757125	686.261291106164	671.375172444098	666.010059347871	725.772294490139
"3/sp|Q9NRR5|UBQL4_HUMAN/sp|Q9UHD9|UBQL2_HUMAN/sp|Q9UMX0|UBQL1_HUMAN"	"HUMAN"	156.624011098201	173.301833928156	184.964938350281	168.734346935923	158.939356416963	160.679469502617
"3/sp|Q9UQ16|DYN3_HUMAN/sp|P50570|DYN2_HUMAN/sp|Q05193|DYN1_HUMAN"	"HUMAN"	465.50094816405	462.255956843069	474.992369052451	464.633938142301	473.311922154579	NA
"3/tr|C8Z570|C8Z570_YEAS8/tr|C8Z5L5|C8Z5L5_YEAS8/tr|C8ZEC7|C8ZEC7_YEAS8"	"YEAST"	NA	NA	637.658426896232	361.988158875633	NA	384.187281908811
"3/tr|C8Z985|C8Z985_YEAS8/tr|C8ZBG4|C8ZBG4_YEAS8/tr|C8ZBG2|C8ZBG2_YEAS8"	"YEAST"	65658.8629328761	67309.1044004056	60672.4400933534	36550.9091093602	35822.6441379524	37050.7624804983
"3/tr|C8ZDA3|C8ZDA3_YEAS8/tr|C8ZD16|C8ZD16_YEAS8/tr|C8Z8Y1|C8Z8Y1_YEAS8"	"YEAST"	17732.828021915	15751.763193383	17945.658984135	8286.59469158533	7990.71434156744	8579.85668573464
"3/tr|C8ZDE0|C8ZDE0_YEAS8/tr|C8ZCT5|C8ZCT5_YEAS8/tr|C8ZAW5|C8ZAW5_YEAS8"	"YEAST"	1498.4345899149	1968.86974840101	1223.59217732678	1291.86586283987	550.669103267206	530.698503013238
"3/tr|C8ZE40|C8ZE40_YEAS8/tr|C8Z7M4|C8Z7M4_YEAS8/tr|C8ZEF1|C8ZEF1_YEAS8"	"YEAST"	2151.61387785934	2139.69291187111	1718.48516848449	1490.32491615831	878.493852440173	1292.85342965721
"3/tr|C8ZFL7|C8ZFL7_YEAS8/tr|C8ZDE7|C8ZDE7_YEAS8/tr|C8Z4K3|C8Z4K3_YEAS8"	"YEAST"	966.097731899938	984.326460400025	985.943666765871	602.113393323585	644.000913153903	632.98123781973
"4/sp|O43707|ACTN4_HUMAN/sp|Q08043|ACTN3_HUMAN/sp|P35609|ACTN2_HUMAN/sp|P12814|ACTN1_HUMAN"	"HUMAN"	2296.50377482135	2498.14231017199	2280.27695799126	2408.35087247995	2389.93596677757	2516.23639213529
"4/sp|P00330|ADH1_YEAST/tr|D3UEP0|D3UEP0_YEAS8/tr|C8ZFH1|C8ZFH1_YEAS8/tr|C8ZHN0|C8ZHN0_YEAS8"	"YEAST"	22174.4283894166	22332.2751991056	12699.9833936143	331.979105558238	339.456482249406	343.496086984015
"4/sp|P06753|TPM3_HUMAN/sp|P67936|TPM4_HUMAN/sp|P07951|TPM2_HUMAN/sp|P09493|TPM1_HUMAN"	"HUMAN"	2952.7206284876	3183.64744749067	2908.80068677519	3061.91369920506	2966.81185333967	3086.5623357996
"4/sp|P07437|TBB5_HUMAN/sp|P68371|TBB4B_HUMAN/sp|P04350|TBB4A_HUMAN/sp|Q13509|TBB3_HUMAN"	"HUMAN"	7672.15755401374	8105.21789555159	8253.51416353651	7925.23021293311	7849.19067239126	8378.66954913709
"4/sp|P07437|TBB5_HUMAN/sp|Q13509|TBB3_HUMAN/sp|Q9BVA1|TBB2B_HUMAN/sp|Q13885|TBB2A_HUMAN"	"HUMAN"	4687.25143542026	4851.23767673655	4693.1833300308	4421.82494970974	4366.96309067639	4451.00726316718
"4/sp|P08238|HS90B_HUMAN/sp|P07900|HS90A_HUMAN/sp|Q14568|HS902_HUMAN/sp|Q58FF8|H90B2_HUMAN"	"HUMAN"	7616.21912722934	7545.87002822455	7609.39030196756	7599.1035036766	7289.1105500532	7424.1369372913
"4/sp|P08238|HS90B_HUMAN/sp|P07900|HS90A_HUMAN/sp|Q58FF6|H90B4_HUMAN/sp|Q58FF7|H90B3_HUMAN"	"HUMAN"	1100.85908402277	1127.29099733395	1099.81775921606	1468.26004084975	1266.38059586329	1381.40323924667
"4/sp|P09471|GNAO_HUMAN/sp|P08754|GNAI3_HUMAN/sp|P04899|GNAI2_HUMAN/sp|P63096|GNAI1_HUMAN"	"HUMAN"	NA	NA	251.530413660289	268.854299325556	272.024004827999	246.783894314159
"4/sp|P0CG48|UBC_HUMAN/sp|P0CG47|UBB_HUMAN/sp|P62979|RS27A_HUMAN/sp|P62987|RL40_HUMAN"	"HUMAN"	1920.30518571278	1907.15191515411	1925.62348281369	1931.62506567896	1842.99271114584	1882.66732799143
"4/sp|P17516|AK1C4_HUMAN/sp|P42330|AK1C3_HUMAN/sp|P52895|AK1C2_HUMAN/sp|Q04828|AK1C1_HUMAN"	"HUMAN"	5269.37498139686	5314.39118701376	5198.86525147105	5186.50954715385	5023.71972902187	5288.26005964723
"4/sp|P35579|MYH9_HUMAN/sp|Q7Z406|MYH14_HUMAN/sp|P35749|MYH11_HUMAN/sp|P35580|MYH10_HUMAN"	"HUMAN"	297.978966960555	283.135182647418	278.802076915127	294.650495423599	275.392137467668	305.622052405387
"4/sp|P68133|ACTS_HUMAN/sp|P63267|ACTH_HUMAN/sp|P68032|ACTC_HUMAN/sp|P62736|ACTA_HUMAN"	"HUMAN"	5459.45278575203	5465.99235287007	5235.74499644696	5433.16084263445	5267.58237292874	5270.89761555712
"4/sp|P84085|ARF5_HUMAN/sp|P18085|ARF4_HUMAN/sp|P61204|ARF3_HUMAN/sp|P84077|ARF1_HUMAN"	"HUMAN"	1720.65606580934	1764.61285596614	1625.81414544207	1846.09312419223	1961.0445272509	1770.6820652101
"4/sp|P84243|H33_HUMAN/sp|Q71DI3|H32_HUMAN/sp|P68431|H31_HUMAN/sp|Q16695|H31T_HUMAN"	"HUMAN"	19780.1598200415	18842.8615143359	19328.7192404272	18954.4220293678	18073.8999477065	18591.0181146476
"4/sp|Q13733|AT1A4_HUMAN/sp|P13637|AT1A3_HUMAN/sp|P50993|AT1A2_HUMAN/sp|P05023|AT1A1_HUMAN"	"HUMAN"	NA	378.470089417972	NA	NA	NA	341.345765970716
"4/sp|Q4VXU2|PAP1L_HUMAN/sp|Q9H361|PABP3_HUMAN/sp|Q13310|PABP4_HUMAN/sp|P11940|PABP1_HUMAN"	"HUMAN"	998.183294728199	1001.34974588292	1035.94405399882	984.02797866196	1014.11917526531	1015.53763734324
"4/tr|C8Z5H4|C8Z5H4_YEAS8/tr|C8Z494|C8Z494_YEAS8/tr|C8Z9Y3|C8Z9Y3_YEAS8/tr|C8Z493|C8Z493_YEAS8"	"YEAST"	816.067761670423	856.378935957089	884.360896021827	587.335052223151	535.75127120875	627.685104104516
"4/tr|C8ZCU8|C8ZCU8_YEAS8/tr|C8Z3R8|C8Z3R8_YEAS8/tr|C8Z3H3|C8Z3H3_YEAS8/tr|C8Z7C1|C8Z7C1_YEAS8"	"YEAST"	12566.9907981474	9805.17181361345	6355.17223092154	3757.59020591041	3480.60296699648	3062.32016893893
"5/sp|A6NHL2|TBAL3_HUMAN/sp|P68366|TBA4A_HUMAN/sp|Q9BQE3|TBA1C_HUMAN/sp|P68363|TBA1B_HUMAN/sp|Q71U36|TBA1A_HUMAN"	"HUMAN"	2766.41977601484	2845.92413183097	2783.27445072511	2827.74817358853	2716.59093344895	2859.90625532126
"5/sp|P07437|TBB5_HUMAN/sp|P68371|TBB4B_HUMAN/sp|P04350|TBB4A_HUMAN/sp|Q9BVA1|TBB2B_HUMAN/sp|Q13885|TBB2A_HUMAN"	"HUMAN"	5441.36867915628	5768.13492929799	5614.30451403392	5029.89142882573	4700.83146894957	5015.64480634778
"5/sp|P07437|TBB5_HUMAN/sp|P68371|TBB4B_HUMAN/sp|Q13509|TBB3_HUMAN/sp|Q9BVA1|TBB2B_HUMAN/sp|Q13885|TBB2A_HUMAN"	"HUMAN"	9068.52216688669	8687.69708194207	8256.81502556376	7732.06537849843	7627.81770276621	8120.64949755749
"5/sp|P08238|HS90B_HUMAN/sp|P07900|HS90A_HUMAN/sp|Q58FG1|HS904_HUMAN/sp|Q14568|HS902_HUMAN/sp|Q58FF8|H90B2_HUMAN"	"HUMAN"	3165.57813105726	2250.422980086	2208.24995839008	2017.60460667767	3150.94864827114	3224.24875953381
"5/sp|P08238|HS90B_HUMAN/sp|P07900|HS90A_HUMAN/sp|Q58FG1|HS904_HUMAN/sp|Q58FF8|H90B2_HUMAN/sp|Q14568|HS902_HUMAN"	"HUMAN"	3165.61059483402	2250.41411341528	2208.37525608929	2017.63687541282	3150.92052059359	3224.27761898116
"5/sp|P22492|H1T_HUMAN/sp|P10412|H14_HUMAN/sp|P16402|H13_HUMAN/sp|P16403|H12_HUMAN/sp|Q02539|H11_HUMAN"	"HUMAN"	14597.8488686313	16012.5854084334	14839.238333786	15877.5651323211	14961.2793610508	15804.166092725
"5/sp|P68366|TBA4A_HUMAN/sp|Q6PEY2|TBA3E_HUMAN/sp|Q13748|TBA3C_HUMAN/sp|P68363|TBA1B_HUMAN/sp|Q71U36|TBA1A_HUMAN"	"HUMAN"	1484.55523118676	1447.13240778734	1429.26508263533	1322.9833305127	1226.49203226351	1202.44964691699
"5/sp|Q6NXT2|H3C_HUMAN/sp|P84243|H33_HUMAN/sp|Q71DI3|H32_HUMAN/sp|P68431|H31_HUMAN/sp|Q16695|H31T_HUMAN"	"HUMAN"	38492.2674976624	40714.9074700466	15431.3812658799	39383.9551268101	37864.1015063697	39843.2176344686
"5/sp|Q6PEY2|TBA3E_HUMAN/sp|Q13748|TBA3C_HUMAN/sp|Q9BQE3|TBA1C_HUMAN/sp|P68363|TBA1B_HUMAN/sp|Q71U36|TBA1A_HUMAN"	"HUMAN"	8753.44809871432	8891.59315474429	8764.95325826375	8876.638624907	8572.08164878669	8815.47475665929
"6/sp|P07437|TBB5_HUMAN/sp|P68371|TBB4B_HUMAN/sp|P04350|TBB4A_HUMAN/sp|Q13509|TBB3_HUMAN/sp|Q9BVA1|TBB2B_HUMAN/sp|Q13885|TBB2A_HUMAN"	"HUMAN"	6809.94830358628	7096.1340878315	7302.9728002699	8689.87274533099	8050.11861286991	7480.29026310416
"6/sp|P68133|ACTS_HUMAN/sp|P63267|ACTH_HUMAN/sp|P63261|ACTG_HUMAN/sp|P68032|ACTC_HUMAN/sp|P60709|ACTB_HUMAN/sp|P62736|ACTA_HUMAN"	"HUMAN"	30003.5090553692	29778.0424803781	34600.3123795735	32684.2744570146	30296.6881100457	33049.9924269646
"7/sp|O14715|RGPD8_HUMAN/sp|P0DJD0|RGPD1_HUMAN/sp|Q99666|RGPD5_HUMAN/sp|Q7Z3J3|RGPD4_HUMAN/sp|A6NKT7|RGPD3_HUMAN/sp|P0DJD1|RGPD2_HUMAN/sp|P49792|RBP2_HUMAN"	"HUMAN"	NA	NA	221.278882269754	125.900518869361	246.357806327443	235.420171389733
"7/sp|P0CG39|POTEJ_HUMAN/sp|P0CG38|POTEI_HUMAN/sp|A5A3E0|POTEF_HUMAN/sp|Q6S8J3|POTEE_HUMAN/sp|P63261|ACTG_HUMAN/sp|P60709|ACTB_HUMAN/sp|Q9BYX7|ACTBM_HUMAN"	"HUMAN"	7511.85134955077	7680.35283559229	8070.57906807189	8153.52421316201	7480.42822881473	7883.34831585872
"7/sp|P68133|ACTS_HUMAN/sp|P63267|ACTH_HUMAN/sp|P63261|ACTG_HUMAN/sp|P68032|ACTC_HUMAN/sp|P60709|ACTB_HUMAN/sp|Q562R1|ACTBL_HUMAN/sp|P62736|ACTA_HUMAN"	"HUMAN"	3128.86979302013	3281.9341232012	3373.34616200604	2967.55260358033	3086.9059769792	3172.72441122597
"7/sp|Q8N257|H2B3B_HUMAN/sp|Q16778|H2B2E_HUMAN/sp|Q6DRA6|H2B2D_HUMAN/sp|Q6DN03|H2B2C_HUMAN/sp|P23527|H2B1O_HUMAN/sp|P06899|H2B1J_HUMAN/sp|P33778|H2B1B_HUMAN"	"HUMAN"	7168.11824435469	7135.39744830156	6957.36095491177	7129.41915762227	7074.1768470172	7478.33962867772
"7/sp|Q9BTM1|H2AJ_HUMAN/sp|Q16777|H2A2C_HUMAN/sp|Q6FI13|H2A2A_HUMAN/sp|P0C0S8|H2A1_HUMAN/sp|Q99878|H2A1J_HUMAN/sp|Q96KK5|H2A1H_HUMAN/sp|P20671|H2A1D_HUMAN"	"HUMAN"	NA	NA	NA	NA	NA	4465.55691754147
"7/sp|Q9BUF5|TBB6_HUMAN/sp|P07437|TBB5_HUMAN/sp|P68371|TBB4B_HUMAN/sp|P04350|TBB4A_HUMAN/sp|Q13509|TBB3_HUMAN/sp|Q9BVA1|TBB2B_HUMAN/sp|Q13885|TBB2A_HUMAN"	"HUMAN"	4526.42026761959	4922.44533823322	4862.90495868203	4697.59249206542	4597.65499500058	4362.85008428003
"7/sp|Q9NY65|TBA8_HUMAN/sp|P68366|TBA4A_HUMAN/sp|Q6PEY2|TBA3E_HUMAN/sp|Q13748|TBA3C_HUMAN/sp|Q9BQE3|TBA1C_HUMAN/sp|P68363|TBA1B_HUMAN/sp|Q71U36|TBA1A_HUMAN"	"HUMAN"	11949.1902282894	12020.0732845948	11482.757363854	10966.9849146863	10426.1581086301	10634.6728293011
"8/sp|Q9NY65|TBA8_HUMAN/sp|Q9H853|TBA4B_HUMAN/sp|P68366|TBA4A_HUMAN/sp|Q6PEY2|TBA3E_HUMAN/sp|Q13748|TBA3C_HUMAN/sp|Q9BQE3|TBA1C_HUMAN/sp|P68363|TBA1B_HUMAN/sp|Q71U36|TBA1A_HUMAN"	"HUMAN"	7456.76087174926	7173.2658020012	6525.56172359327	6575.14873618986	6429.37803795537	6826.27602579094
"9/sp|A6NKZ8|YI016_HUMAN/sp|Q3ZCM7|TBB8_HUMAN/sp|A6NNZ2|TBB8L_HUMAN/sp|Q9BUF5|TBB6_HUMAN/sp|P07437|TBB5_HUMAN/sp|P68371|TBB4B_HUMAN/sp|P04350|TBB4A_HUMAN/sp|Q9BVA1|TBB2B_HUMAN/sp|Q13885|TBB2A_HUMAN"	"HUMAN"	8745.17397836737	9390.95340082017	9378.91435038742	9436.92045632082	9164.86287731775	9456.99707215143
"9/sp|P57053|H2BFS_HUMAN/sp|Q5QNW6|H2B2F_HUMAN/sp|Q99877|H2B1N_HUMAN/sp|O60814|H2B1K_HUMAN/sp|Q99879|H2B1M_HUMAN/sp|Q99880|H2B1L_HUMAN/sp|Q93079|H2B1H_HUMAN/sp|P58876|H2B1D_HUMAN/sp|P62807|H2B1C_HUMAN"	"HUMAN"	12406.2379414819	12523.5812261747	13099.5502614583	13805.133962213	12464.2010086076	13378.6966812848
"9/sp|Q3ZCM7|TBB8_HUMAN/sp|A6NNZ2|TBB8L_HUMAN/sp|Q9BUF5|TBB6_HUMAN/sp|P07437|TBB5_HUMAN/sp|P68371|TBB4B_HUMAN/sp|P04350|TBB4A_HUMAN/sp|Q13509|TBB3_HUMAN/sp|Q9BVA1|TBB2B_HUMAN/sp|Q13885|TBB2A_HUMAN"	"HUMAN"	2486.07352788267	2650.00662987256	2522.3021669051	2665.07342151451	2376.78145015712	2677.83452315774
