proteinID	specie	A1	A2	A3	B1	B2	B3
"sp|P37108|SRP14_HUMAN;"	"HUMAN"	5360.33333333333	5825	5891.33333333333	5029	5561.33333333333	5878
"sp|P36578|RL4_HUMAN;"	"HUMAN"	10705.6666666667	11548.3333333333	11594.3333333333	10680.3333333333	9854.5	10342.3333333333
"tr|C8ZBI7|C8ZBI7_YEAS8;"	"YEAST"	30802.3333333333	30674.3333333333	31252	20107.5	19823.3333333333	19780.6666666667
"sp|P0A9B2|G3P1_ECOLI;"	"ECOLI"	26359.3333333333	28757	14897.6666666667	42966.3333333333	45129.3333333333	41341.6666666667
"tr|C8ZBG2|C8ZBG2_YEAS8;"	"YEAST"	6337.5	6350.5	20003	18432	10520	14934
"tr|C8Z4V9|C8Z4V9_YEAS8;"	"YEAST"	5966	6598.33333333333	7186.66666666667	3412.5	3148	4087
"sp|P07954|FUMH_HUMAN;"	"HUMAN"	2022.33333333333	1888.66666666667	1976	1998.66666666667	1993.66666666667	1986
"sp|P0A7J3|RL10_ECOLI;"	"ECOLI"	5663.33333333333	5793.66666666667	5597.66666666667	19598	19665.6666666667	19536.6666666667
"sp|P0A9M8|PTA_ECOLI;"	"ECOLI"	801.5	1570.66666666667	1204.5	3177.66666666667	3344.66666666667	2708
"sp|P0A9Q7|ADHE_ECOLI;"	"ECOLI"	5897.33333333333	5969.66666666667	5775.33333333333	21588.3333333333	19667.3333333333	20638
"sp|Q13423|NNTM_HUMAN;"	"HUMAN"	4102.66666666667	4243.66666666667	4397.33333333333	4451.33333333333	4302	4006
"tr|C8Z8N5|C8Z8N5_YEAS8;"	"YEAST"	22424.3333333333	22493.3333333333	19190.6666666667	12725.6666666667	12312.3333333333	12001
"sp|Q9NX63|CHCH3_HUMAN;"	"HUMAN"	1176.5	1225	1118	1364.5	1320	1250.5
"sp|P20810|ICAL_HUMAN;"	"HUMAN"	1211.5	1085.5	1051	1028	901.5	718.5
"sp|P0AET8|HDHA_ECOLI;"	"ECOLI"	1339	1396.66666666667	835.5	3646.33333333333	4045.33333333333	3771.66666666667
"tr|C8ZDL2|C8ZDL2_YEAS8;"	"YEAST"	18031.3333333333	16623.6666666667	17906.6666666667	9132.33333333333	9218.33333333333	8807
"sp|Q99733|NP1L4_HUMAN;"	"HUMAN"	604	526.5	730	561	685	207.5
"sp|P16659|SYP_ECOLI;"	"ECOLI"	255	456	727.5	1461	1373.33333333333	1545.33333333333
"sp|P06753|TPM3_HUMAN;"	"HUMAN"	2211	2409.33333333333	2584	2597.33333333333	2492.66666666667	2389.66666666667
"tr|C8Z9E6|C8Z9E6_YEAS8;"	"YEAST"	57827.3333333333	56402.6666666667	65510.3333333333	45063.6666666667	41138.3333333333	42319.3333333333
"tr|C8ZG23|C8ZG23_YEAS8;"	"YEAST"	30045.3333333333	32171.6666666667	30924	15850.6666666667	16809.6666666667	15812
"tr|C8ZEW1|C8ZEW1_YEAS8;"	"YEAST"	2844.66666666667	3272	2525	2396	NA	NA
"sp|Q15293|RCN1_HUMAN;"	"HUMAN"	1193.5	2958	1157	1406	1536	1830
"sp|P0A7J7|RL11_ECOLI;"	"ECOLI"	3249.33333333333	3186	3560.33333333333	11098	11382	8653
"sp|P0AES9|HDEA_ECOLI;"	"ECOLI"	1944.5	1549.5	2034	1492	2076.5	2106
"sp|P80723|BASP1_HUMAN;"	"HUMAN"	9888.66666666667	9381.66666666667	9445	9241	8929.66666666667	8621.33333333333
"tr|C8ZGY3|C8ZGY3_YEAS8;"	"YEAST"	3317.66666666667	3345.33333333333	3123	1824	2643	1463.5
"sp|P06454|PTMA_HUMAN;"	"HUMAN"	6421.33333333333	6340.66666666667	5472.5	7699.33333333333	7971.66666666667	7749.33333333333
"sp|Q15149|PLEC_HUMAN;"	"HUMAN"	6050.33333333333	6008.66666666667	6547.66666666667	7546	7206	7798
"tr|C8ZIE8|C8ZIE8_YEAS8;"	"YEAST"	5039.66666666667	4862.33333333333	2968.33333333333	2444	2776.33333333333	2040
"sp|P20962|PTMS_HUMAN;"	"HUMAN"	4272	8765	7814	7574	9456	4293.5
"tr|C8ZA54|C8ZA54_YEAS8;"	"YEAST"	1762	1824	478	NA	291	NA
"sp|P35232|PHB_HUMAN;"	"HUMAN"	7119.66666666667	7180	7608.66666666667	7074.33333333333	7082	7584.66666666667
"sp|P07813|SYL_ECOLI;"	"ECOLI"	NA	945	1004	3001.66666666667	3092.33333333333	3074.33333333333
"tr|C8ZEW9|C8ZEW9_YEAS8;"	"YEAST"	14321.6666666667	14214.3333333333	14029.6666666667	7432.33333333333	8554	7308.66666666667
"sp|P0A870|TALB_ECOLI;"	"ECOLI"	6806	9505	2881	10684.6666666667	9681.5	12965
"sp|P52272|HNRPM_HUMAN;"	"HUMAN"	7062.33333333333	7829	8172.5	7464.66666666667	7847.33333333333	7361.33333333333
"sp|P00934|THRC_ECOLI;"	"ECOLI"	NA	NA	NA	649	451.5	427.5
"sp|P62258|1433E_HUMAN;"	"HUMAN"	10003	9910	10719	9758.33333333333	10034	10024.3333333333
"sp|O00273|DFFA_HUMAN;"	"HUMAN"	1161.5	1653	1566	1697.5	1797.5	1494.66666666667
"sp|P31040|DHSA_HUMAN;"	"HUMAN"	4703.33333333333	4598.66666666667	5167	4712.66666666667	3900.5	4817.66666666667
"tr|C8Z3Q3|C8Z3Q3_YEAS8;"	"YEAST"	2986	4609.33333333333	3538	2934.66666666667	3262	3222.5
"sp|P04406|G3P_HUMAN;"	"HUMAN"	64012.6666666667	64646.6666666667	64891	59265.5	65951	61145
"tr|C8Z8Y0|C8Z8Y0_YEAS8;"	"YEAST"	5844	5301.33333333333	5514.33333333333	3370.66666666667	4196	3466
"sp|P05091|ALDH2_HUMAN;"	"HUMAN"	1518.33333333333	1391	1115.33333333333	1347.66666666667	1308.66666666667	1786.66666666667
"sp|P19623|SPEE_HUMAN;"	"HUMAN"	3080.5	3077	2171.66666666667	1866	2159	1788.66666666667
"sp|P26006|ITA3_HUMAN;"	"HUMAN"	1009	341	740	1016	721	661.5
"sp|P0A7L0|RL1_ECOLI;"	"ECOLI"	4761.66666666667	4155.66666666667	5522	14570.6666666667	14866	15139
"sp|P63284|CLPB_ECOLI;"	"ECOLI"	2467	1966.66666666667	2278	6532	6703.66666666667	5946.66666666667
"tr|C8Z499|C8Z499_YEAS8;"	"YEAST"	45728	47236	49040.3333333333	29997.6666666667	32228.3333333333	31193.6666666667
"sp|P16403|H12_HUMAN;"	"HUMAN"	11090.6666666667	11683.3333333333	10402.3333333333	10486	11156.6666666667	10626.3333333333
"tr|C8Z8E5|C8Z8E5_YEAS8;"	"YEAST"	6758	8274	6685	4341.5	4318.5	4285.5
"sp|P0A867|TALA_ECOLI;"	"ECOLI"	2029	1900	2294	9321.33333333333	11558.6666666667	10543
"tr|C8ZEZ8|C8ZEZ8_YEAS8;"	"YEAST"	11793.3333333333	12595.3333333333	12441.3333333333	7264.66666666667	7958.33333333333	4709.33333333333
"tr|C8ZII1|C8ZII1_YEAS8;tr|C8Z8H1|C8Z8H1_YEAS8;"	"YEAST"	9553.33333333333	9627.66666666667	9577.66666666667	5598.33333333333	5419.33333333333	5254
"sp|P05386|RLA1_HUMAN;"	"HUMAN"	3270.5	2925	3882	3726.5	2814	3134
"sp|P0A6P9|ENO_ECOLI;"	"ECOLI"	6028	6971	6884	21225.3333333333	22371	21542.3333333333
"sp|P75682|YAGE_ECOLI;"	"ECOLI"	2766	2739	2254	5251	6390	6365.33333333333
"sp|Q9UQ80|PA2G4_HUMAN;"	"HUMAN"	6693.66666666667	6412.66666666667	6069	7131.33333333333	7314	6860.66666666667
"sp|P78371|TCPB_HUMAN;"	"HUMAN"	6207	5464	6206.33333333333	5795.66666666667	6255.33333333333	6080.66666666667
"sp|P00363|FRDA_ECOLI;"	"ECOLI"	NA	NA	NA	3960.66666666667	3964.66666666667	4192.66666666667
"sp|Q92804|RBP56_HUMAN;sp|P35637|FUS_HUMAN;"	"HUMAN"	3096	3166.5	3193	3275	3143.5	2880
"sp|P35637|FUS_HUMAN;"	"HUMAN"	2261.66666666667	2189	1348	1863.33333333333	2229	1340
"sp|P02413|RL15_ECOLI;"	"ECOLI"	3479.66666666667	2655	3532.5	7937	7972.33333333333	7404
"tr|C8ZDW2|C8ZDW2_YEAS8;"	"YEAST"	8783.33333333333	9902.33333333333	8217.33333333333	5157.66666666667	5147	4543.33333333333
"sp|P08200|IDH_ECOLI;"	"ECOLI"	1920	1571	1263	2201.66666666667	2446	2112.33333333333
"sp|O14744|ANM5_HUMAN;"	"HUMAN"	1104.5	1122.5	759.333333333333	733.333333333333	1139.5	786.666666666667
"tr|C8Z3S1|C8Z3S1_YEAS8;"	"YEAST"	8463.33333333333	10734.6666666667	14616.5	8555.33333333333	8791.66666666667	9163.33333333333
"sp|P34897|GLYM_HUMAN;"	"HUMAN"	6088	7525	4860.33333333333	7149.66666666667	6914.33333333333	7502.33333333333
"sp|P11766|ADHX_HUMAN;"	"HUMAN"	1572.66666666667	1743.33333333333	1790	1544.33333333333	1446.66666666667	1419.66666666667
"sp|P0A7V8|RS4_ECOLI;"	"ECOLI"	3435.33333333333	3323.5	3631.33333333333	9853	9252.66666666667	10115.3333333333
"sp|P0ACF0|DBHA_ECOLI;"	"ECOLI"	NA	NA	1914	12176	14930.3333333333	14846.3333333333
"sp|O75643|U520_HUMAN;"	"HUMAN"	1580	1448.33333333333	1649	1315	1616	1537
"sp|P0A910|OMPA_ECOLI;"	"ECOLI"	14241.3333333333	16167	13216.6666666667	44439.3333333333	47989.6666666667	44443.6666666667
"sp|Q13813|SPTN1_HUMAN;"	"HUMAN"	2246.33333333333	2384.33333333333	2152	2872	2870	2421
"sp|O75390|CISY_HUMAN;"	"HUMAN"	2690	2825	3985	2694	3165.5	2641.66666666667
"sp|P62851|RS25_HUMAN;"	"HUMAN"	13126.6666666667	11938	12441.6666666667	11202	11080.3333333333	10705
"sp|P42765|THIM_HUMAN;"	"HUMAN"	1907.66666666667	1918.33333333333	1666	1941.66666666667	1459	1836
"sp|P78527|PRKDC_HUMAN;"	"HUMAN"	7598	7742.33333333333	8172.66666666667	8093.33333333333	7769	8038
"sp|O95831|AIFM1_HUMAN;"	"HUMAN"	1935.33333333333	1619.66666666667	1656.66666666667	1631	1840	1827
"tr|C8ZA65|C8ZA65_YEAS8;"	"YEAST"	10870	10924.3333333333	10842.3333333333	6225	5266.33333333333	5577.33333333333
"sp|P0AFH8|OSMY_ECOLI;"	"ECOLI"	2632.33333333333	2680.5	2885.5	9376	10151.3333333333	9203.66666666667
"sp|P09372|GRPE_ECOLI;"	"ECOLI"	2267	2125	2276	3009	3440.33333333333	3093.5
"sp|P68066|GRCA_ECOLI;"	"ECOLI"	3447.66666666667	2689	2655	8206.66666666667	8760.66666666667	8235.33333333333
"sp|P25787|PSA2_HUMAN;"	"HUMAN"	1485	1509	1535.66666666667	1430	1440.33333333333	1518.33333333333
"tr|C8ZHC3|C8ZHC3_YEAS8;"	"YEAST"	3680	3472.5	3739.5	2634.33333333333	2513.66666666667	2108
"sp|P46063|RECQ1_HUMAN;"	"HUMAN"	1181.66666666667	1154.33333333333	1053	1245.66666666667	1361	1246.66666666667
"sp|Q8NF37|PCAT1_HUMAN;"	"HUMAN"	582	569	178.5	326	392	143
"sp|Q15233|NONO_HUMAN;"	"HUMAN"	6301.33333333333	6473.33333333333	5832.66666666667	5401	5985.33333333333	6021.33333333333
"sp|P49327|FAS_HUMAN;"	"HUMAN"	9020	9141	8825	7821	9017.66666666667	8676
"sp|P0ABB4|ATPB_ECOLI;"	"ECOLI"	948	1039	2155	5303.33333333333	5205.33333333333	5560
"sp|P69797|PTNAB_ECOLI;"	"ECOLI"	2369	1801.5	1736	5295	5588	5247.66666666667
"sp|P37837|TALDO_HUMAN;"	"HUMAN"	5200.33333333333	8042.33333333333	6789.5	7901	7854	9129
"sp|P0ABS1|DKSA_ECOLI;"	"ECOLI"	349	585	NA	1022.5	1085	909.5
"sp|P04075|ALDOA_HUMAN;"	"HUMAN"	14289.5	16245.6666666667	16674	19717.5	18581.3333333333	18389
"sp|P06999|K6PF2_ECOLI;"	"ECOLI"	776	NA	NA	2461.33333333333	2451.33333333333	2371
"sp|P0A705|IF2_ECOLI;"	"ECOLI"	880	702	832.333333333333	2702.33333333333	2682	2683.66666666667
"sp|P0AE08|AHPC_ECOLI;"	"ECOLI"	13942.5	12928.6666666667	12733.6666666667	38862.3333333333	37803.6666666667	35022
"sp|P13029|KATG_ECOLI;"	"ECOLI"	2906	NA	4223	7662.5	6928	6853.33333333333
"sp|O75367|H2AY_HUMAN;"	"HUMAN"	5744.33333333333	5793.66666666667	6014.66666666667	5291	5487.33333333333	5412.66666666667
"sp|P0A7V0|RS2_ECOLI;"	"ECOLI"	1255.66666666667	1555	2069	3378.33333333333	3302	3509
"sp|P00350|6PGD_ECOLI;"	"ECOLI"	2040.5	1707	2026.5	5951.66666666667	6041.33333333333	6147.66666666667
"sp|P09525|ANXA4_HUMAN;"	"HUMAN"	184.5	363.333333333333	503	517	349	307
"sp|P23588|IF4B_HUMAN;"	"HUMAN"	1606	1774	1726.33333333333	1933.5	1957	1689.33333333333
"sp|Q9Y5B9|SP16H_HUMAN;"	"HUMAN"	1242	1240.66666666667	1273.66666666667	932.666666666667	1076.66666666667	1146
"sp|Q96N66|MBOA7_HUMAN;"	"HUMAN"	1059.5	1301	1207.5	1112	1134	1069.5
"sp|Q9Y3F4|STRAP_HUMAN;"	"HUMAN"	1204	1594.5	1118.66666666667	1499	1117.66666666667	1062.66666666667
"sp|P00579|RPOD_ECOLI;"	"ECOLI"	NA	NA	296	488.666666666667	615.5	511.666666666667
"sp|P0A7Z4|RPOA_ECOLI;"	"ECOLI"	1668	1773	2065	8179.66666666667	8065.66666666667	7840.66666666667
"sp|P13861|KAP2_HUMAN;"	"HUMAN"	2083	2101	940.5	1781	789.5	1276
"sp|P02786|TFR1_HUMAN;"	"HUMAN"	3466.33333333333	3769.66666666667	3728.33333333333	3476.33333333333	3472.33333333333	3138.66666666667
"sp|P61927|RL37_HUMAN;"	"HUMAN"	1076.5	1266	1414	1042.5	1169	1216
"sp|P07910|HNRPC_HUMAN;"	"HUMAN"	21680	21795.6666666667	21585.3333333333	23431.3333333333	23521.6666666667	23611
"sp|P05055|PNP_ECOLI;"	"ECOLI"	NA	NA	NA	2693.33333333333	2287.5	3265.66666666667
"sp|P22314|UBA1_HUMAN;"	"HUMAN"	7274.33333333333	7685	7402.66666666667	6735	6926.33333333333	8152
"tr|C8ZDM2|C8ZDM2_YEAS8;"	"YEAST"	12167.6666666667	11232.6666666667	11542	5526.33333333333	5983.66666666667	5753.33333333333
"sp|P10809|CH60_HUMAN;"	"HUMAN"	25678.3333333333	25476	28686	25333	28752.6666666667	24742.6666666667
"sp|P0A6F5|CH60_ECOLI;"	"ECOLI"	10368	13234	7965	24235.3333333333	26224.3333333333	25847.6666666667
"sp|Q99460|PSMD1_HUMAN;"	"HUMAN"	723.5	958.5	892.5	897	945	1057
"sp|P18206|VINC_HUMAN;"	"HUMAN"	3146	4374.33333333333	4569.33333333333	3896	4019.66666666667	4078.33333333333
"sp|Q86V81|THOC4_HUMAN;"	"HUMAN"	1549.5	1613	1396	1391	2996.66666666667	3042
"sp|Q9UKM9|RALY_HUMAN;"	"HUMAN"	2760	2828	2621.66666666667	2625.66666666667	2430.33333333333	2559
"sp|P63224|GMHA_ECOLI;"	"ECOLI"	NA	756	NA	2721.66666666667	3053.66666666667	2837.33333333333
"sp|Q13435|SF3B2_HUMAN;"	"HUMAN"	2779.66666666667	2528.33333333333	2342.66666666667	1274.5	3186.66666666667	3579.66666666667
"sp|Q6P2Q9|PRP8_HUMAN;"	"HUMAN"	865.666666666667	885.666666666667	959.666666666667	1167.5	1053.33333333333	982
"sp|P05023|AT1A1_HUMAN;"	"HUMAN"	3409.66666666667	3429.66666666667	3074.5	3312	3577.33333333333	3258.66666666667
"sp|P06733|ENOA_HUMAN;"	"HUMAN"	36230.6666666667	36719	27761.3333333333	27918.3333333333	37559.6666666667	38900
"sp|P00558|PGK1_HUMAN;"	"HUMAN"	20014	20266.6666666667	21249	19861	19750.6666666667	20203.3333333333
"sp|P0A7W7|RS8_ECOLI;"	"ECOLI"	1565	1580	NA	4211.5	4478	4127
"sp|P19338|NUCL_HUMAN;"	"HUMAN"	21362.5	20878.6666666667	20559.6666666667	19815.3333333333	20551	20038
"sp|P02545|LMNA_HUMAN;"	"HUMAN"	16704.3333333333	16337	16632.5	15464	16213	15388.6666666667
"sp|P05141|ADT2_HUMAN;"	"HUMAN"	10991	10942.3333333333	11706.6666666667	10444.3333333333	11206.6666666667	11584.6666666667
"sp|P04083|ANXA1_HUMAN;"	"HUMAN"	12284.3333333333	12327.3333333333	12485	12068.6666666667	12136	12114.3333333333
"tr|C8ZJ22|C8ZJ22_YEAS8;"	"YEAST"	2224.5	2735	3243.66666666667	NA	1672	1012
"sp|Q9Y490|TLN1_HUMAN;"	"HUMAN"	2724	2835.33333333333	3073.33333333333	3321.33333333333	2884.66666666667	2706.66666666667
"sp|P0A858|TPIS_ECOLI;"	"ECOLI"	4648	4153.5	3152.66666666667	9991	10272	10447.6666666667
"sp|P45523|FKBA_ECOLI;"	"ECOLI"	752.666666666667	754.666666666667	857.5	1999.33333333333	1973.66666666667	2068.66666666667
"sp|P0AEQ3|GLNH_ECOLI;"	"ECOLI"	NA	NA	NA	1089	1403.33333333333	1291.33333333333
"sp|Q7KZF4|SND1_HUMAN;"	"HUMAN"	3263	3727.66666666667	3794	4143	4037.66666666667	3705.66666666667
"tr|C8ZB82|C8ZB82_YEAS8;"	"YEAST"	1881	3044.66666666667	2956.66666666667	1079	972.5	888.5
"sp|P00441|SODC_HUMAN;"	"HUMAN"	3557	2394	2233.33333333333	3019.5	4051.5	2386
"sp|Q06830|PRDX1_HUMAN;"	"HUMAN"	33658.6666666667	33700.6666666667	30679	31371	33204.6666666667	31475.6666666667
"sp|P0A799|PGK_ECOLI;"	"ECOLI"	16718.3333333333	16879	17882.6666666667	50923.3333333333	53859	50905
"sp|P53396|ACLY_HUMAN;"	"HUMAN"	6257.66666666667	6679	6153.33333333333	6223	6230.33333333333	5670
"sp|P14868|SYDC_HUMAN;"	"HUMAN"	3600	3627.66666666667	3541	3670.33333333333	3676.33333333333	3869
"sp|P35579|MYH9_HUMAN;"	"HUMAN"	8359	8658.33333333333	7761.5	7877.66666666667	8284.66666666667	8039.33333333333
"sp|P63220|RS21_HUMAN;"	"HUMAN"	2322.33333333333	2528.33333333333	2539	2238.33333333333	3004.5	2415
"sp|P25516|ACON1_ECOLI;"	"ECOLI"	1744.66666666667	2368.5	1974	4298.33333333333	5307.66666666667	4878.66666666667
"sp|P61247|RS3A_HUMAN;"	"HUMAN"	13928.6666666667	14100.3333333333	13597.6666666667	13739.6666666667	14868.6666666667	12949
"tr|D3UEL3|D3UEL3_YEAS8;"	"YEAST"	2286	2187.33333333333	1524	NA	1428	886
"sp|P08865|RSSA_HUMAN;"	"HUMAN"	18729	18605.3333333333	16189.6666666667	18634.3333333333	17850.6666666667	17927
"sp|P0A7V3|RS3_ECOLI;"	"ECOLI"	3886	3959.66666666667	4004	11548.6666666667	11864.3333333333	11370.6666666667
"tr|C8ZGF9|C8ZGF9_YEAS8;"	"YEAST"	2367.33333333333	2100.66666666667	2156.33333333333	1573	1471.66666666667	1362.66666666667
"sp|Q9Y6E0|STK24_HUMAN;"	"HUMAN"	2739	2493	2527	1236.5	1340	2702
"sp|P06748|NPM_HUMAN;"	"HUMAN"	19726.5	22159.6666666667	18365	19965.6666666667	19058.3333333333	21112.3333333333
"sp|P06576|ATPB_HUMAN;"	"HUMAN"	18553.3333333333	19340.3333333333	18093.6666666667	14302.5	17141.6666666667	16630.5
"sp|Q04695|K1C17_HUMAN;"	"HUMAN"	7150.66666666667	6057	7387.66666666667	8489	9091.66666666667	7617.5
"sp|P08238|HS90B_HUMAN;sp|Q14568|HS902_HUMAN;sp|P07900|HS90A_HUMAN;sp|Q58FF8|H90B2_HUMAN;"	"HUMAN"	19192.5	20723.5	19479.5	20578.5	2489	19767.5
"sp|P08195|4F2_HUMAN;"	"HUMAN"	12051	13280.6666666667	12158.6666666667	12683	13981.6666666667	12820
"tr|C8Z5U9|C8Z5U9_YEAS8;"	"YEAST"	24459	24732.6666666667	27063.6666666667	10560.5	9239.5	10600.5
"sp|P0A8A0|YEBC_ECOLI;"	"ECOLI"	NA	NA	NA	1931	1801.5	1792
"sp|P26639|SYTC_HUMAN;"	"HUMAN"	3935	6040.33333333333	5923.33333333333	4715	5488.66666666667	4684.5
"sp|P40939|ECHA_HUMAN;"	"HUMAN"	2567.66666666667	2810.33333333333	2938	2717.33333333333	1936.66666666667	2861.33333333333
"sp|P36871|PGM1_HUMAN;"	"HUMAN"	1092.33333333333	1087.5	1018.33333333333	1359.5	1376.5	987
"tr|C8ZH84|C8ZH84_YEAS8;"	"YEAST"	1314.33333333333	1445	1457.66666666667	811	811	832
"sp|P0A9G6|ACEA_ECOLI;"	"ECOLI"	11614.5	16269	14249.5	52700.6666666667	55049	56308.6666666667
"sp|P35340|AHPF_ECOLI;"	"ECOLI"	633	NA	NA	1902.33333333333	1861	1874.66666666667
"tr|C8Z4C1|C8Z4C1_YEAS8;"	"YEAST"	10759.6666666667	10275.6666666667	9780.33333333333	5658	5934.33333333333	5593.66666666667
"sp|P62263|RS14_HUMAN;"	"HUMAN"	3201.66666666667	3319	2846.33333333333	3243.66666666667	2969.33333333333	3211
"sp|P84090|ERH_HUMAN;"	"HUMAN"	2764	3086.5	3256.5	2778.5	2919	2827.5
"tr|C8Z4W9|C8Z4W9_YEAS8;"	"YEAST"	23050	22997	24288.6666666667	14937	14442.6666666667	14775.3333333333
"tr|C8Z4E5|C8Z4E5_YEAS8;"	"YEAST"	1354	1528.66666666667	1439.66666666667	716	694	633
"sp|Q86VP6|CAND1_HUMAN;"	"HUMAN"	2044	1706	1825.33333333333	1892.66666666667	1837.33333333333	1859
"sp|Q08945|SSRP1_HUMAN;"	"HUMAN"	2470.5	2177.66666666667	2073.66666666667	2345	2083.33333333333	2464
"tr|C8ZB52|C8ZB52_YEAS8;"	"YEAST"	4560.66666666667	4398.33333333333	5373.33333333333	3390.33333333333	3464	3177.33333333333
"tr|C8Z917|C8Z917_YEAS8;"	"YEAST"	902.333333333333	931.333333333333	863	700.5	569	531
"tr|C8ZJG8|C8ZJG8_YEAS8;tr|C8Z917|C8Z917_YEAS8;"	"YEAST"	3955	3829	2755	NA	1790	1757
"sp|P0A763|NDK_ECOLI;"	"ECOLI"	NA	NA	NA	566.5	515.5	547
"tr|D3UEG8|D3UEG8_YEAS8;"	"YEAST"	2519	2324	2554.66666666667	1957	1088	1316
"sp|P11498|PYC_HUMAN;"	"HUMAN"	1075.33333333333	1017	964.5	1010.66666666667	941.333333333333	1106
"sp|P08729|K2C7_HUMAN;"	"HUMAN"	10846.3333333333	10855.3333333333	11996.6666666667	11085.3333333333	11053.6666666667	9638.33333333333
"sp|P0AD33|YFCZ_ECOLI;"	"ECOLI"	2503	2976	2803	5462.5	8923	7762
"sp|P05787|K2C8_HUMAN;"	"HUMAN"	15502	17491.3333333333	15276.3333333333	15336.6666666667	16165.6666666667	14123
"sp|P49411|EFTU_HUMAN;"	"HUMAN"	11482.6666666667	12127.3333333333	10044.5	12571.3333333333	12953.6666666667	12923
"sp|P21333|FLNA_HUMAN;"	"HUMAN"	15425.3333333333	13069	14326.6666666667	15687	16204.3333333333	14294
"tr|C8ZE45|C8ZE45_YEAS8;"	"YEAST"	3226	3866.66666666667	3128.66666666667	2336.66666666667	1754	2118
"sp|P06959|ODP2_ECOLI;"	"ECOLI"	1958	1926.5	1897.5	5887.66666666667	5430	5207
"sp|P0ABA0|ATPF_ECOLI;"	"ECOLI"	NA	849	636	1592.33333333333	1777	1647
"sp|P0A7D4|PURA_ECOLI;"	"ECOLI"	1426	1489.33333333333	1331.33333333333	4190	4505.66666666667	4468.33333333333
"tr|C8ZA30|C8ZA30_YEAS8;tr|C8ZCS9|C8ZCS9_YEAS8;"	"YEAST"	10600.3333333333	10944	10715.3333333333	7050	7892	5918
"sp|P15880|RS2_HUMAN;"	"HUMAN"	9058.33333333333	8725.33333333333	9610.66666666667	8089.5	7974.66666666667	8507.5
"sp|P12004|PCNA_HUMAN;"	"HUMAN"	4781.33333333333	4436	3928.33333333333	5031	4438	4936.66666666667
"sp|P27824|CALX_HUMAN;"	"HUMAN"	9343	9756	10861	9126.66666666667	10432.3333333333	10061.3333333333
"sp|P62913|RL11_HUMAN;"	"HUMAN"	12844.6666666667	12937	12252	13729.6666666667	13972.3333333333	14550.3333333333
"sp|P0ABK5|CYSK_ECOLI;"	"ECOLI"	1151	1751.5	1414	4456.33333333333	4421	4153
"tr|C8ZAY1|C8ZAY1_YEAS8;"	"YEAST"	2001.66666666667	2011	1747.5	997	910.5	1047
"sp|P0AEK2|FABG_ECOLI;"	"ECOLI"	NA	NA	NA	578	715	796.666666666667
"sp|P68919|RL25_ECOLI;"	"ECOLI"	NA	NA	NA	1985.5	1709.33333333333	1674
"tr|D3UEU0|D3UEU0_YEAS8;"	"YEAST"	11247.3333333333	11171	12222	6609.5	6517	5581.33333333333
"sp|Q09666|AHNK_HUMAN;"	"HUMAN"	6946	6820.66666666667	6661.33333333333	6894.66666666667	7150.33333333333	7112.66666666667
"sp|P14618|KPYM_HUMAN;"	"HUMAN"	33330	35725.6666666667	35202	36807	36080.6666666667	38676
"tr|C8ZIA4|C8ZIA4_YEAS8;"	"YEAST"	1173	1946.33333333333	2192	765.5	1401	1207.66666666667
"sp|P0A6P1|EFTS_ECOLI;"	"ECOLI"	13329	4534	4562	20677	20899.6666666667	20531.3333333333
"sp|P0C0L2|OSMC_ECOLI;"	"ECOLI"	NA	3569	NA	6189	6971.5	5930.33333333333
"sp|P0A7A9|IPYR_ECOLI;"	"ECOLI"	1642.5	1571.5	1765	4695	4743.33333333333	4813
"tr|C8Z782|C8Z782_YEAS8;"	"YEAST"	17932.3333333333	17830.6666666667	19674.6666666667	9555.66666666667	10226.6666666667	8329.5
"sp|P23246|SFPQ_HUMAN;"	"HUMAN"	3533.66666666667	3600	3940	3516.66666666667	3694.33333333333	3607.66666666667
"sp|P12758|UDP_ECOLI;"	"ECOLI"	1826.66666666667	1711	2332	5883.33333333333	5385.66666666667	5945
"sp|P23396|RS3_HUMAN;"	"HUMAN"	11509.6666666667	11492	10583	9968.5	10977	11194.3333333333
"sp|P51572|BAP31_HUMAN;"	"HUMAN"	2311.66666666667	2059	2191.33333333333	1997	2092.66666666667	2015.66666666667
"sp|P09874|PARP1_HUMAN;"	"HUMAN"	4280.66666666667	4035	4371.33333333333	4217.66666666667	4497.33333333333	4464.33333333333
"tr|C8Z545|C8Z545_YEAS8;"	"YEAST"	1407	1338	1063.33333333333	701.5	905	1201.66666666667
"sp|P13797|PLST_HUMAN;"	"HUMAN"	2301.33333333333	2346.33333333333	2274.5	2158.66666666667	2174.33333333333	2153.66666666667
"tr|C8ZHK6|C8ZHK6_YEAS8;"	"YEAST"	2657.5	2811	3448	1871.5	1655	2014
"tr|C8Z9D1|C8Z9D1_YEAS8;"	"YEAST"	2502	2626	2647	1588	1697.66666666667	1483.33333333333
"sp|P60842|IF4A1_HUMAN;"	"HUMAN"	16136.3333333333	15786.6666666667	16418.6666666667	15943	16696.6666666667	16554.3333333333
"tr|C8Z3F1|C8Z3F1_YEAS8;"	"YEAST"	40956.3333333333	41045.6666666667	43486.3333333333	25121	26752	27860
"tr|C8Z9A2|C8Z9A2_YEAS8;"	"YEAST"	2064	1997.66666666667	2796.5	3064	2606	2896
"sp|P60723|RL4_ECOLI;"	"ECOLI"	3629.33333333333	5410.5	3792.33333333333	16880	14119	14132
"sp|P0AG48|RL21_ECOLI;"	"ECOLI"	2753.5	2739.5	2584.33333333333	7040	7064.33333333333	6958.33333333333
"sp|P0AA10|RL13_ECOLI;"	"ECOLI"	NA	1563	1589	2655.33333333333	2535.33333333333	2607.66666666667
"sp|P35241|RADI_HUMAN;"	"HUMAN"	1638	1878.5	1770	2081	1962.66666666667	1998.5
"sp|P50991|TCPD_HUMAN;"	"HUMAN"	5107.66666666667	5159.33333333333	4944.33333333333	5919.33333333333	5235.33333333333	4721.5
"sp|P22102|PUR2_HUMAN;"	"HUMAN"	3804	4299	4204.66666666667	3497.5	4366.5	4546.5
"sp|P31327|CPSM_HUMAN;"	"HUMAN"	12731	12578	12291	11818.6666666667	12487.6666666667	11628.6666666667
"sp|Q15366|PCBP2_HUMAN;"	"HUMAN"	8428.33333333333	8852.66666666667	7968	9595.33333333333	8939.33333333333	10823.3333333333
"sp|O95373|IPO7_HUMAN;"	"HUMAN"	2896.33333333333	2930.66666666667	2573.66666666667	2789.33333333333	2818	2850
"sp|O96000|NDUBA_HUMAN;"	"HUMAN"	957.5	990	1110	1168	1008.5	1123.5
"sp|P0CE47|EFTU1_ECOLI;"	"ECOLI"	19394.6666666667	21234.3333333333	25467	55722.6666666667	60507	55810.3333333333
"sp|Q14697|GANAB_HUMAN;"	"HUMAN"	11147	11526	10927	10625	11256.3333333333	10442
"sp|P37689|GPMI_ECOLI;"	"ECOLI"	2001.66666666667	2541	1872	5599.33333333333	5271	5185
"sp|Q96FW1|OTUB1_HUMAN;"	"HUMAN"	953.333333333333	978	941.666666666667	915.333333333333	894	932.333333333333
"sp|P84103|SRSF3_HUMAN;"	"HUMAN"	6114.33333333333	6268	6326.66666666667	6241	6688.33333333333	6620
"tr|C8ZIW9|C8ZIW9_YEAS8;"	"YEAST"	12065.6666666667	12272	10443.6666666667	6994	8230	7480.33333333333
"sp|Q15738|NSDHL_HUMAN;"	"HUMAN"	2366.5	2390.5	1706.5	2016.33333333333	3063	2144
"sp|P17987|TCPA_HUMAN;"	"HUMAN"	6496.33333333333	6230.66666666667	4571.33333333333	4930.66666666667	5512.33333333333	5649.33333333333
"tr|C8Z805|C8Z805_YEAS8;"	"YEAST"	4502.33333333333	4592.33333333333	4881	2388.33333333333	2753.5	2341.33333333333
"sp|P47897|SYQ_HUMAN;"	"HUMAN"	848	818.333333333333	827.666666666667	1087.5	904.333333333333	1468
"sp|Q15029|U5S1_HUMAN;"	"HUMAN"	1460.66666666667	1253.33333333333	1362.33333333333	1477.33333333333	1505	1470.66666666667
"tr|C8Z6B9|C8Z6B9_YEAS8;"	"YEAST"	5159	4812	4198.66666666667	3026.5	3437.5	3781
"sp|P05388|RLA0_HUMAN;"	"HUMAN"	7717.66666666667	7967	7701	7356.66666666667	7700	7676.66666666667
"sp|P77596|YAGF_ECOLI;"	"ECOLI"	2476.66666666667	2167.33333333333	3596	4979	5427.66666666667	4979
"tr|C8ZFP3|C8ZFP3_YEAS8;"	"YEAST"	2543.33333333333	2614.33333333333	2621.33333333333	1329	1744.5	1374
"sp|Q12931|TRAP1_HUMAN;"	"HUMAN"	12369.6666666667	15816.3333333333	12340.6666666667	16216	17567.3333333333	17305.3333333333
"sp|Q9H7Z7|PGES2_HUMAN;"	"HUMAN"	1059	1198	1312.5	1008	795	992
"sp|P0AG67|RS1_ECOLI;"	"ECOLI"	4548	4675	3725	11290.3333333333	10841	11060
"sp|P61026|RAB10_HUMAN;"	"HUMAN"	1693	2382	346	2505	2181	NA
"sp|P0A7U7|RS20_ECOLI;"	"ECOLI"	NA	NA	NA	8286	8808.66666666667	9249.33333333333
"tr|C8ZHS4|C8ZHS4_YEAS8;"	"YEAST"	15575.6666666667	14879.3333333333	15684.6666666667	11876.5	10370.5	12143.5
"sp|P0AB71|ALF_ECOLI;"	"ECOLI"	5964	6874.66666666667	3296	22358.3333333333	22354	20608
"sp|P30048|PRDX3_HUMAN;"	"HUMAN"	5663.66666666667	6095.66666666667	5756.66666666667	5184.33333333333	5615	5358
"sp|P10768|ESTD_HUMAN;"	"HUMAN"	726	844.333333333333	1060.5	1059	880.666666666667	NA
"sp|P07003|POXB_ECOLI;"	"ECOLI"	NA	NA	898	2325.5	2267	2756
"sp|O15067|PUR4_HUMAN;"	"HUMAN"	1671	1679	1700.33333333333	1443.66666666667	1584.66666666667	1185.5
"tr|C8ZHC2|C8ZHC2_YEAS8;"	"YEAST"	4263	4464	4906.66666666667	2889.66666666667	3496.33333333333	3328
"tr|C8ZBT8|C8ZBT8_YEAS8;"	"YEAST"	2392.33333333333	2344	2496.33333333333	1329.33333333333	1303.66666666667	1490.33333333333
"sp|P11279|LAMP1_HUMAN;"	"HUMAN"	9866.33333333333	10194	8333.66666666667	8336.33333333333	8660.66666666667	8380
"sp|Q16629|SRSF7_HUMAN;"	"HUMAN"	3766.33333333333	3763.66666666667	4817.5	3795	3786.66666666667	3745.66666666667
"sp|P31939|PUR9_HUMAN;"	"HUMAN"	4676.33333333333	5030.66666666667	4142	4617.66666666667	4988	5205
"tr|C8Z6M1|C8Z6M1_YEAS8;"	"YEAST"	18131.6666666667	17907	19141.6666666667	7475	5084.5	9831.66666666667
"sp|Q07021|C1QBP_HUMAN;"	"HUMAN"	2720	2603.66666666667	3004.66666666667	2802.66666666667	2750.33333333333	2575.33333333333
"sp|Q9BQE3|TBA1C_HUMAN;sp|P68366|TBA4A_HUMAN;"	"HUMAN"	27019.6666666667	25720	26525	27897.3333333333	25982.6666666667	27300
"tr|C8ZF70|C8ZF70_YEAS8;"	"YEAST"	2545.5	2680.33333333333	2598	1548	1876	1749.5
"sp|Q9UL46|PSME2_HUMAN;"	"HUMAN"	1417.33333333333	1379.66666666667	1642.33333333333	1703.33333333333	1621.66666666667	1684.33333333333
"sp|P08107|HSP71_HUMAN;sp|P34931|HS71L_HUMAN;"	"HUMAN"	15883.6666666667	15150.6666666667	16186.6666666667	13735	13964.3333333333	14247.3333333333
"sp|P54577|SYYC_HUMAN;"	"HUMAN"	3056	2543.5	2458.33333333333	3271	3015	2925.66666666667
"sp|P0ABU0|MENB_ECOLI;"	"ECOLI"	418	979	1066	1405.66666666667	1498.66666666667	1255.33333333333
"sp|Q96AY3|FKB10_HUMAN;"	"HUMAN"	3112.33333333333	2548.5	3175.33333333333	3401	3261.5	2896.5
"tr|C8ZCU6|C8ZCU6_YEAS8;"	"YEAST"	3611	3783.66666666667	3651.66666666667	1805.66666666667	1993	2174
"sp|P09373|PFLB_ECOLI;"	"ECOLI"	8986.5	7804.5	7819.33333333333	24018.3333333333	25321.6666666667	24310.3333333333
"tr|C8ZDU8|C8ZDU8_YEAS8;"	"YEAST"	23592.6666666667	21213.3333333333	24413.3333333333	10501.3333333333	10081.6666666667	9579.66666666667
"sp|P0A7R1|RL9_ECOLI;"	"ECOLI"	3870.5	2415.33333333333	3579.66666666667	11138.3333333333	11877.3333333333	11209.6666666667
"sp|P0A6M8|EFG_ECOLI;"	"ECOLI"	4267	5574	5852	15096.3333333333	16322.6666666667	16744
"sp|P42704|LPPRC_HUMAN;"	"HUMAN"	2730.66666666667	3038.66666666667	3012.66666666667	2255.66666666667	2840.33333333333	2766
"sp|P0ABA4|ATPD_ECOLI;"	"ECOLI"	489.5	546.5	521	1457	1481	1648.5
"sp|P0AG44|RL17_ECOLI;"	"ECOLI"	3900	4074	3685.5	13495.6666666667	14771.6666666667	13882
"sp|P60422|RL2_ECOLI;"	"ECOLI"	3466.33333333333	3517	3543.33333333333	9440.33333333333	9918.66666666667	9793.66666666667
"sp|P0C0V0|DEGP_ECOLI;"	"ECOLI"	2093	1409	NA	5848.66666666667	5971.66666666667	6212.33333333333
"tr|C8Z608|C8Z608_YEAS8;"	"YEAST"	16369	17715.3333333333	11772.5	8781	8966	8544
"sp|P08839|PT1_ECOLI;"	"ECOLI"	1034	1184	1058	3456.66666666667	3634.66666666667	3136.66666666667
"sp|P0AG27|YIBN_ECOLI;"	"ECOLI"	266	NA	277	900	839.5	956
"sp|P36683|ACON2_ECOLI;"	"ECOLI"	645	969	633.5	2131.66666666667	2325.66666666667	2141
"sp|Q9P258|RCC2_HUMAN;"	"HUMAN"	3041.66666666667	2383.66666666667	3194	2925.33333333333	2900.5	2430
"sp|P55809|SCOT1_HUMAN;"	"HUMAN"	3885	4146.33333333333	3757	3460	3977.66666666667	3567
"tr|C8ZGW0|C8ZGW0_YEAS8;"	"YEAST"	1828.66666666667	1479.66666666667	1862.66666666667	1177.66666666667	1187	1574
"sp|Q92598|HS105_HUMAN;"	"HUMAN"	870.666666666667	1148.5	797.333333333333	793.666666666667	1164.5	606
"sp|P34932|HSP74_HUMAN;"	"HUMAN"	4015	4079	3862.33333333333	3749.66666666667	3640.66666666667	3664.33333333333
"sp|P55786|PSA_HUMAN;"	"HUMAN"	2949.33333333333	2976.66666666667	2835	2360.33333333333	2484.66666666667	2526.66666666667
"tr|C8Z419|C8Z419_YEAS8;"	"YEAST"	5312.66666666667	5019.33333333333	5513.66666666667	3281.33333333333	4156.5	3249
"tr|C8Z8B5|C8Z8B5_YEAS8;"	"YEAST"	5694.66666666667	5627.33333333333	5290.66666666667	3646	3515.5	2744
"tr|C8ZIE2|C8ZIE2_YEAS8;"	"YEAST"	1085	1176	1019	997.5	741	NA
"sp|P0A8F0|UPP_ECOLI;"	"ECOLI"	701	NA	508	4058	2729.5	3515
"sp|P49748|ACADV_HUMAN;"	"HUMAN"	5430	4501.66666666667	6340	6203.66666666667	5067	6121.66666666667
"sp|P0A991|ALF1_ECOLI;"	"ECOLI"	3891	3655	1265.5	6357.66666666667	5410.66666666667	5630.33333333333
"sp|P05198|IF2A_HUMAN;"	"HUMAN"	5369	4444.66666666667	5171.33333333333	3475	3991.5	3798
"sp|P13987|CD59_HUMAN;"	"HUMAN"	4234.66666666667	3288	3505.5	4596.66666666667	4584.33333333333	4764
"sp|P0AEX9|MALE_ECOLI;"	"ECOLI"	905.5	531	595	1608	1717.66666666667	1608.66666666667
"sp|Q9Y2Q3|GSTK1_HUMAN;"	"HUMAN"	493.5	508.666666666667	227.5	693.5	602	753
"sp|P39023|RL3_HUMAN;"	"HUMAN"	4768	5216	5111.33333333333	4636.33333333333	5017.66666666667	4733.66666666667
"tr|C8ZI24|C8ZI24_YEAS8;"	"YEAST"	13316	13303	12229.3333333333	7752	8443.33333333333	8505.33333333333
"sp|P00864|CAPP_ECOLI;"	"ECOLI"	557.5	804	696	1611.66666666667	1662.66666666667	1708.33333333333
"sp|P76402|YEGP_ECOLI;"	"ECOLI"	721	NA	897	1966	1951	1988
"sp|P35268|RL22_HUMAN;"	"HUMAN"	15944	15026	6997	12509	7113.5	7741
"sp|O60506|HNRPQ_HUMAN;sp|O43390|HNRPR_HUMAN;"	"HUMAN"	19841.5	18326	15202.5	16979	17392.3333333333	15131.3333333333
"sp|P52209|6PGD_HUMAN;"	"HUMAN"	5236.33333333333	5573.5	5811.33333333333	4686.33333333333	4503	4531.33333333333
"sp|Q9UJS0|CMC2_HUMAN;"	"HUMAN"	1151	914	815.333333333333	923	341.5	1023
"sp|P0A7L3|RL20_ECOLI;"	"ECOLI"	2471	3310	3058	7068.66666666667	5706.33333333333	6929.33333333333
"tr|C8ZA87|C8ZA87_YEAS8;"	"YEAST"	2139.66666666667	1954.33333333333	2149	1460.5	1436	1183
"sp|O43175|SERA_HUMAN;"	"HUMAN"	14009	13645	14084.3333333333	14727	13348	13289
"sp|P27302|TKT1_ECOLI;"	"ECOLI"	1570.5	1755	1151.5	3782.66666666667	3478.33333333333	3531.33333333333
"sp|P0A9P0|DLDH_ECOLI;"	"ECOLI"	1586	2021.5	981.5	4074.66666666667	3883	3421.66666666667
"sp|P68679|RS21_ECOLI;"	"ECOLI"	4033.33333333333	3822	3959.66666666667	7938.33333333333	9199.66666666667	8314
"sp|Q9Y224|CN166_HUMAN;"	"HUMAN"	1090.33333333333	1072.5	905	1050.66666666667	1222.66666666667	883
"sp|O75340|PDCD6_HUMAN;"	"HUMAN"	4254.66666666667	4215.33333333333	5016.33333333333	4187.66666666667	4121	3065.33333333333
"sp|P62424|RL7A_HUMAN;"	"HUMAN"	12271	14498	12206.6666666667	11654.3333333333	12624.3333333333	12444.6666666667
"sp|P25526|GABD_ECOLI;"	"ECOLI"	NA	NA	NA	1784.5	1731	1750.5
"sp|O96019|ACL6A_HUMAN;"	"HUMAN"	847.333333333333	858	812.333333333333	746.333333333333	788.5	770
"sp|P13073|COX41_HUMAN;"	"HUMAN"	2985	3127.33333333333	3158	2938	2758.33333333333	2725.66666666667
"sp|P0AD61|KPYK1_ECOLI;"	"ECOLI"	2869.5	3156	3459	7889.66666666667	7439.33333333333	7523.66666666667
"tr|C8ZBR9|C8ZBR9_YEAS8;"	"YEAST"	18878.3333333333	18144.6666666667	20191	8401.33333333333	8642	7950.66666666667
"tr|C8ZCV6|C8ZCV6_YEAS8;"	"YEAST"	4275.33333333333	4791.33333333333	3332	2880.33333333333	2162	2018.5
"sp|O75369|FLNB_HUMAN;"	"HUMAN"	3437	3668.66666666667	3335.66666666667	3920.66666666667	4029	3900
"sp|Q00610|CLH1_HUMAN;"	"HUMAN"	9963.66666666667	9258.66666666667	9358.66666666667	9056.33333333333	8284.66666666667	8860
"sp|P33195|GCSP_ECOLI;"	"ECOLI"	1369	1079	1066	2759.66666666667	2636.66666666667	2513.66666666667
"tr|C8Z978|C8Z978_YEAS8;"	"YEAST"	997.5	1779	794	1499.5	497	648
"tr|C8Z9Z2|C8Z9Z2_YEAS8;"	"YEAST"	4525.33333333333	4953.66666666667	4424.66666666667	2540	2983.33333333333	3182.66666666667
"tr|C8ZBZ3|C8ZBZ3_YEAS8;"	"YEAST"	3863	4386.33333333333	3812	2781	1599.5	1501.5
"sp|P36873|PP1G_HUMAN;sp|P62140|PP1B_HUMAN;"	"HUMAN"	1751.66666666667	1826.66666666667	1253.5	1391	1566.33333333333	1607.66666666667
"sp|Q02543|RL18A_HUMAN;"	"HUMAN"	3952	4518	4845.66666666667	3336	4065.33333333333	3873.66666666667
"tr|C8ZHQ5|C8ZHQ5_YEAS8;"	"YEAST"	2179	2107.33333333333	2350	1171.5	1150.5	1161
"sp|P55072|TERA_HUMAN;"	"HUMAN"	7429.33333333333	7291.33333333333	6126	7322.66666666667	7876.66666666667	7597.33333333333
"sp|P50990|TCPQ_HUMAN;"	"HUMAN"	6656.33333333333	7031.5	5722.33333333333	6827.33333333333	6569	7291.66666666667
"sp|P0C018|RL18_ECOLI;"	"ECOLI"	5025	3834	675	8911	9819	8947.66666666667
"tr|C8ZH60|C8ZH60_YEAS8;"	"YEAST"	1781	1453.33333333333	1809.33333333333	974.5	1106	1105
"sp|P33992|MCM5_HUMAN;"	"HUMAN"	2260.33333333333	2176.66666666667	2229.5	2212	2285	2399.66666666667
"sp|P50502|F10A1_HUMAN;"	"HUMAN"	4132.66666666667	4126	4047	4218.33333333333	3999.66666666667	4075
"tr|C8ZDR7|C8ZDR7_YEAS8;"	"YEAST"	2788.66666666667	2837.66666666667	2667.33333333333	1837	1590	1567.5
"tr|C8Z5H0|C8Z5H0_YEAS8;"	"YEAST"	5671	4520	3803	1284	NA	1029
"sp|Q16822|PCKGM_HUMAN;"	"HUMAN"	920	796	729	755	857	804
"sp|P16949|STMN1_HUMAN;"	"HUMAN"	5218.66666666667	5358.33333333333	4860.66666666667	5048.33333333333	5372.66666666667	5378
"sp|P54920|SNAA_HUMAN;"	"HUMAN"	473	823	790	803	484.5	863
"sp|Q9BXJ9|NAA15_HUMAN;"	"HUMAN"	358	463	378	484	408.5	368
"sp|P30419|NMT1_HUMAN;"	"HUMAN"	514	563	NA	1260	1395.5	662
"sp|P0AC38|ASPA_ECOLI;"	"ECOLI"	1281	1184	971.666666666667	2210.33333333333	2399.33333333333	2329.33333333333
"sp|Q08211|DHX9_HUMAN;"	"HUMAN"	6573	6668	6259.66666666667	6382	6879.33333333333	6793.66666666667
"tr|C8Z7I7|C8Z7I7_YEAS8;"	"YEAST"	3559	3413	4084	1973	2004.66666666667	2010.66666666667
"tr|C8ZEC7|C8ZEC7_YEAS8;"	"YEAST"	1880.33333333333	1877	1679.66666666667	1240	356	255
"sp|P18077|RL35A_HUMAN;"	"HUMAN"	3661.33333333333	3278.66666666667	4323.33333333333	3763.33333333333	3805.33333333333	3917.33333333333
"tr|C8ZH68|C8ZH68_YEAS8;"	"YEAST"	1010.33333333333	953.5	975	NA	444.5	605
"sp|P49736|MCM2_HUMAN;"	"HUMAN"	2980	3117	2703.33333333333	3138.33333333333	2968.66666666667	2656
"sp|P07339|CATD_HUMAN;"	"HUMAN"	2242.5	1614.33333333333	2051.66666666667	1953.33333333333	1996	1945.66666666667
"sp|P0ABT2|DPS_ECOLI;"	"ECOLI"	15016	14771.3333333333	13965.5	39276.3333333333	39257.6666666667	43129.6666666667
"sp|P28304|QOR1_ECOLI;"	"ECOLI"	635	695.5	725	2628	2491.33333333333	2821.33333333333
"sp|O75533|SF3B1_HUMAN;"	"HUMAN"	2351	2337.33333333333	2296.33333333333	2354.33333333333	2240.66666666667	2356.33333333333
"sp|P28066|PSA5_HUMAN;"	"HUMAN"	3005.33333333333	2486.66666666667	3080	2893.33333333333	2991.33333333333	2679.33333333333
"sp|O00410|IPO5_HUMAN;"	"HUMAN"	1639.33333333333	1711.66666666667	1985	2032	1906	1997.33333333333
"sp|Q01813|K6PP_HUMAN;"	"HUMAN"	1721.66666666667	1828	1668	1933.33333333333	1755.33333333333	1821.33333333333
"tr|D3UEP3|D3UEP3_YEAS8;"	"YEAST"	1501.66666666667	1446	1528	960.5	917	745.5
"sp|P62081|RS7_HUMAN;"	"HUMAN"	4769	5000.33333333333	5944.5	4964.33333333333	5845	5569
"tr|C8ZJ01|C8ZJ01_YEAS8;"	"YEAST"	7165	7941.66666666667	8276.33333333333	3619.5	4281	4376
"sp|P0A7S9|RS13_ECOLI;"	"ECOLI"	2340	2730	2847.5	8183.66666666667	7075.5	6415
"tr|C8Z6C2|C8Z6C2_YEAS8;"	"YEAST"	3390.66666666667	3263	3397.33333333333	1470.33333333333	1801	1726
"tr|C8ZDG3|C8ZDG3_YEAS8;"	"YEAST"	3809	3069.66666666667	3157.33333333333	2194.33333333333	2205.5	1968
"tr|C8ZHS5|C8ZHS5_YEAS8;"	"YEAST"	7215	5069	1841	3153.5	5480	2809
"tr|C8Z5A5|C8Z5A5_YEAS8;"	"YEAST"	1575.33333333333	1447.33333333333	1412.33333333333	535	286	614.5
"sp|Q13885|TBB2A_HUMAN;sp|Q13509|TBB3_HUMAN;sp|P07437|TBB5_HUMAN;"	"HUMAN"	15946.3333333333	14147.6666666667	21752	14524	14532	13846.3333333333
"sp|P0A8T7|RPOC_ECOLI;"	"ECOLI"	1973.5	1470	3023	4192	4421.33333333333	4521.66666666667
"sp|P25205|MCM3_HUMAN;"	"HUMAN"	2501.33333333333	2397.33333333333	2473.33333333333	2703	2401.66666666667	2330.33333333333
"tr|C8ZB87|C8ZB87_YEAS8;"	"YEAST"	4424	3339.33333333333	3420.66666666667	1632	1864.66666666667	1765
"tr|C8ZCM2|C8ZCM2_YEAS8;"	"YEAST"	16446	16262.6666666667	16521.6666666667	7085.66666666667	7318.33333333333	7671
"sp|O43707|ACTN4_HUMAN;sp|P12814|ACTN1_HUMAN;"	"HUMAN"	11028.3333333333	11700	11748	11390.3333333333	12425	11642
"sp|P0A9C5|GLNA_ECOLI;"	"ECOLI"	NA	NA	NA	1951	1954	1837
"sp|P60900|PSA6_HUMAN;"	"HUMAN"	1170.5	1223.66666666667	2235.66666666667	2287.66666666667	2292	2263.33333333333
"sp|Q92945|FUBP2_HUMAN;"	"HUMAN"	2128	1964.66666666667	2223	2335	2010	1884.66666666667
"sp|P0AEK4|FABI_ECOLI;"	"ECOLI"	1733.66666666667	2137	1682.33333333333	5332.66666666667	5480	5364.66666666667
"sp|P07814|SYEP_HUMAN;"	"HUMAN"	4274.33333333333	4423.33333333333	3544.66666666667	4829.66666666667	4938.33333333333	5171.33333333333
"sp|O43242|PSMD3_HUMAN;"	"HUMAN"	979.333333333333	859	1032.33333333333	817.666666666667	865.666666666667	787.666666666667
"tr|C8ZIB7|C8ZIB7_YEAS8;"	"YEAST"	1128	1095	645	NA	NA	NA
"tr|C8ZC23|C8ZC23_YEAS8;"	"YEAST"	36289	36288	37687	20813	21314.6666666667	20574
"sp|P60438|RL3_ECOLI;"	"ECOLI"	4483	4183.33333333333	4917	11769.3333333333	12080.3333333333	12374
"sp|P0A6T1|G6PI_ECOLI;"	"ECOLI"	2045	1755.66666666667	1648	3741	3775	3635
"sp|P83731|RL24_HUMAN;"	"HUMAN"	7128.33333333333	8349.66666666667	7130.33333333333	6406.33333333333	5438	6415.33333333333
"sp|P14866|HNRPL_HUMAN;"	"HUMAN"	5721.66666666667	5747	5803.66666666667	5180.33333333333	5341.33333333333	5050.66666666667
"sp|Q15365|PCBP1_HUMAN;"	"HUMAN"	6916.33333333333	6954.33333333333	8530.5	6080.66666666667	5416.33333333333	5713.66666666667
"sp|Q16555|DPYL2_HUMAN;"	"HUMAN"	1656	1934.66666666667	1627.33333333333	1879.66666666667	1800	2009.33333333333
"sp|O14818|PSA7_HUMAN;"	"HUMAN"	2378	2608	2499.5	2722	2480.5	2610
"sp|O00148|DX39A_HUMAN;sp|Q13838|DX39B_HUMAN;"	"HUMAN"	10390	10827.5	8788.66666666667	8752	8862.33333333333	8810
"sp|P0AF93|RIDA_ECOLI;"	"ECOLI"	1975.5	3308	3411.5	10567.6666666667	11444	10210.3333333333
"tr|C8Z4N9|C8Z4N9_YEAS8;"	"YEAST"	1320.5	1288.5	1664	743	448	NA
"sp|P04179|SODM_HUMAN;"	"HUMAN"	2841.66666666667	2466	3213.66666666667	2437.66666666667	2322.33333333333	2916.66666666667
"tr|C8ZA75|C8ZA75_YEAS8;"	"YEAST"	4959.33333333333	4840.33333333333	4981	2637	2809.33333333333	2454.66666666667
"sp|P26373|RL13_HUMAN;"	"HUMAN"	9686	10191	9630	9518	10712	11276
"sp|P37840|SYUA_HUMAN;"	"HUMAN"	2871.5	3371.33333333333	2565	3509.5	3463.33333333333	3361.33333333333
"tr|C8ZBH9|C8ZBH9_YEAS8;"	"YEAST"	2777.33333333333	2871.33333333333	2669.33333333333	2243.33333333333	3004	2362.66666666667
"sp|P11021|GRP78_HUMAN;"	"HUMAN"	18497.3333333333	11316.6666666667	20786	20249	20061	20603.3333333333
"tr|C8ZCD4|C8ZCD4_YEAS8;"	"YEAST"	5369.5	7104	4590.5	4214.5	4070	3908
"sp|P15311|EZRI_HUMAN;"	"HUMAN"	3392.66666666667	3157.66666666667	3276.33333333333	3094.66666666667	2924.66666666667	2869.33333333333
"sp|P26038|MOES_HUMAN;"	"HUMAN"	8002	7118	7370.66666666667	7826.66666666667	7152.66666666667	7557.33333333333
"sp|P0A6Y8|DNAK_ECOLI;"	"ECOLI"	13482.3333333333	14250	15160.6666666667	21088	21546	18261
"sp|P34931|HS71L_HUMAN;"	"HUMAN"	1793.5	2467	2729	3971	3587.5	3904
"sp|P36957|ODO2_HUMAN;"	"HUMAN"	1437	1494.5	1744	1401.5	1628.5	1316
"tr|C8ZGH3|C8ZGH3_YEAS8;"	"YEAST"	11040	10894.3333333333	11378.6666666667	5410	5403.66666666667	5209.66666666667
"sp|P27635|RL10_HUMAN;"	"HUMAN"	5700.33333333333	5766.66666666667	7729.5	5542	4967.66666666667	6757.5
"tr|C8ZIC9|C8ZIC9_YEAS8;"	"YEAST"	13285.3333333333	14511	14865	9746	10247	9354.33333333333
"sp|P38646|GRP75_HUMAN;"	"HUMAN"	17258.3333333333	16220.3333333333	16415	14779.6666666667	15800.3333333333	14667
"sp|P10412|H14_HUMAN;sp|Q02539|H11_HUMAN;sp|P16402|H13_HUMAN;sp|P16403|H12_HUMAN;"	"HUMAN"	4812	4661	5235.66666666667	4603.33333333333	4756.66666666667	4261.66666666667
"sp|P0A7G6|RECA_ECOLI;"	"ECOLI"	978.5	1177.5	1332	3442.5	2781	3119.66666666667
"sp|P39019|RS19_HUMAN;"	"HUMAN"	8306.33333333333	8380.33333333333	8522	8465.33333333333	8365.33333333333	9199.33333333333
"sp|P16401|H15_HUMAN;"	"HUMAN"	22348	21393	20660	20800.6666666667	22949.3333333333	21770.6666666667
"sp|Q01650|LAT1_HUMAN;"	"HUMAN"	8549.33333333333	9806.66666666667	10045	10276.6666666667	10045	10474.3333333333
"sp|P0A6V8|GLK_ECOLI;"	"ECOLI"	705.5	NA	972	1839.66666666667	1895.33333333333	1588.5
"sp|P0ADG7|IMDH_ECOLI;"	"ECOLI"	1013	1332	1044	2493	2501.5	3029
"sp|Q7Z6Z7|HUWE1_HUMAN;"	"HUMAN"	1210	1339	1227	1377	741	795
"tr|C8ZI57|C8ZI57_YEAS8;"	"YEAST"	7604	7906	8654	5529	3420	3576
"sp|P0AEE5|DGAL_ECOLI;"	"ECOLI"	1707.5	2253	1622	5983.33333333333	6123.33333333333	6237.33333333333
"sp|P07237|PDIA1_HUMAN;"	"HUMAN"	8839	8935.66666666667	9593.66666666667	9450	9463.33333333333	9165.33333333333
"sp|Q8NBS9|TXND5_HUMAN;"	"HUMAN"	2290.66666666667	2340.33333333333	1970.33333333333	2300.33333333333	2357	2091.66666666667
"sp|Q6DD88|ATLA3_HUMAN;"	"HUMAN"	1122	1100	1115.66666666667	1118.33333333333	974.666666666667	999.333333333333
"tr|C8Z8N4|C8Z8N4_YEAS8;"	"YEAST"	1323	1412.5	1129	395	NA	NA
"sp|O60831|PRAF2_HUMAN;"	"HUMAN"	1714	1804	2532	1818.5	1794	1856.5
"sp|P0A903|BAMC_ECOLI;"	"ECOLI"	NA	NA	NA	2283	2384	1541.5
"sp|P31948|STIP1_HUMAN;"	"HUMAN"	4563.33333333333	4524.33333333333	4050	4504	4580	4398
"sp|Q15084|PDIA6_HUMAN;"	"HUMAN"	8187.66666666667	7961	8416.66666666667	7441	7138	7226.66666666667
"sp|Q13310|PABP4_HUMAN;sp|P11940|PABP1_HUMAN;"	"HUMAN"	3879.33333333333	3433	3904.66666666667	3189.33333333333	3598	3499
"sp|P22061|PIMT_HUMAN;"	"HUMAN"	2069	1783.5	1956.5	1787.5	1784	1821
"sp|P26447|S10A4_HUMAN;"	"HUMAN"	25364.6666666667	25689.6666666667	28145.3333333333	31752.5	27597.3333333333	27243
"sp|P38159|RBMX_HUMAN;"	"HUMAN"	6790.33333333333	6539	6165	6586	6624	6746.66666666667
"sp|O15355|PPM1G_HUMAN;"	"HUMAN"	1077.33333333333	963	871	1065.66666666667	1129	1036.33333333333
"sp|P0A7K2|RL7_ECOLI;"	"ECOLI"	872	19994.3333333333	31706.5	37314.3333333333	40259.3333333333	40331.6666666667
"sp|P13645|K1C10_HUMAN;"	"HUMAN"	1207	1261.33333333333	1277.66666666667	1065.5	1363.66666666667	1242.33333333333
"tr|C8Z9P7|C8Z9P7_YEAS8;"	"YEAST"	1239	1112	1246	1232	310	NA
"sp|Q14204|DYHC1_HUMAN;"	"HUMAN"	2059	2351	1655	2207.33333333333	2213.66666666667	2025.33333333333
"sp|Q99832|TCPH_HUMAN;"	"HUMAN"	4699.33333333333	4598.66666666667	3711	4188.33333333333	4426.33333333333	4739
"sp|Q02790|FKBP4_HUMAN;"	"HUMAN"	5051	4769.66666666667	4716.33333333333	4248.66666666667	4633.66666666667	4410.66666666667
"sp|Q14919|NC2A_HUMAN;"	"HUMAN"	1343.33333333333	1143.66666666667	1296.66666666667	1288.33333333333	1181.66666666667	1264
"sp|Q9Y617|SERC_HUMAN;"	"HUMAN"	6947.33333333333	6751.33333333333	7271.33333333333	6656.66666666667	6737.33333333333	6696.33333333333
"sp|P0A9W3|YJJK_ECOLI;"	"ECOLI"	691.5	935	NA	2082.66666666667	2621.33333333333	2520.33333333333
"sp|Q9Y230|RUVB2_HUMAN;"	"HUMAN"	3183.33333333333	3353	3124	1995.5	3335.66666666667	3422.33333333333
"tr|C8ZD30|C8ZD30_YEAS8;"	"YEAST"	1893.33333333333	2045	1700.66666666667	1642.5	1599.5	1766
"sp|Q9Y265|RUVB1_HUMAN;"	"HUMAN"	4080	4062.66666666667	4007.66666666667	4389.66666666667	3902	4155.33333333333
"sp|P0A940|BAMA_ECOLI;"	"ECOLI"	576	401	401	844	729	1057.5
"tr|C8Z949|C8Z949_YEAS8;"	"YEAST"	3733.33333333333	3952.66666666667	3298.33333333333	2516.66666666667	2593	2357.33333333333
"tr|C8Z4V2|C8Z4V2_YEAS8;"	"YEAST"	1553	1161	1302	NA	NA	761
"sp|P0AG84|YGHA_ECOLI;"	"ECOLI"	684.5	617	848	1951	1982	1941
"tr|C8ZIT9|C8ZIT9_YEAS8;"	"YEAST"	3406	3307.5	3242.5	1852.5	1088	1408
"tr|C8Z406|C8Z406_YEAS8;"	"YEAST"	8831.66666666667	8327.66666666667	8394.33333333333	3314.5	3750.5	4192.33333333333
"sp|P27695|APEX1_HUMAN;"	"HUMAN"	3273.66666666667	1620.66666666667	1936	1682.66666666667	1587.33333333333	1314.5
"tr|C8ZCB2|C8ZCB2_YEAS8;"	"YEAST"	26168.6666666667	23526.5	25041.5	13662.6666666667	17857.6666666667	16444.6666666667
"sp|P26641|EF1G_HUMAN;"	"HUMAN"	11049.3333333333	11199.6666666667	11284.3333333333	13817.5	11092.6666666667	16733
"sp|P08133|ANXA6_HUMAN;"	"HUMAN"	2077.5	1547.5	1903.5	2197.66666666667	2009.33333333333	2439
"sp|P23381|SYWC_HUMAN;"	"HUMAN"	830	731	971.666666666667	951.333333333333	884	882.666666666667
"sp|Q05519|SRS11_HUMAN;"	"HUMAN"	1312.5	1444	1297	1406	1410	1395.5
"tr|C8ZF50|C8ZF50_YEAS8;"	"YEAST"	10508	10174	9049	3403	5202	4248.5
"tr|C8ZID9|C8ZID9_YEAS8;"	"YEAST"	5177	7238.33333333333	6016	4637.66666666667	4814.33333333333	5228
"tr|C8ZGM2|C8ZGM2_YEAS8;"	"YEAST"	5400.66666666667	6177.33333333333	5544.33333333333	2472	3451	3836
"sp|P62399|RL5_ECOLI;"	"ECOLI"	5307.5	7602	7308	16714	17605.3333333333	16808.3333333333
"sp|Q14258|TRI25_HUMAN;"	"HUMAN"	640	691	742	700.5	776.5	736.5
"sp|P0ABA6|ATPG_ECOLI;"	"ECOLI"	1274	1550	1202	2226.5	4650	4749
"sp|P42771|CD2A1_HUMAN;"	"HUMAN"	861	784	905	781.5	864	1158.33333333333
"sp|P13639|EF2_HUMAN;"	"HUMAN"	13907.3333333333	14992.3333333333	13089.3333333333	16210	15451.6666666667	16072.3333333333
"sp|P08238|HS90B_HUMAN;"	"HUMAN"	25400.3333333333	28058.3333333333	25260	27357.3333333333	26960	28518.3333333333
"sp|P07900|HS90A_HUMAN;"	"HUMAN"	18906.6666666667	19733	21267.3333333333	19885.6666666667	20241.3333333333	20608.3333333333
"sp|P08758|ANXA5_HUMAN;"	"HUMAN"	6363.33333333333	6413	5569.66666666667	5068	5444.66666666667	5861.33333333333
"sp|P0AG55|RL6_ECOLI;"	"ECOLI"	4559	4534.5	4927	11702	11402.6666666667	11214.3333333333
"sp|Q8IV08|PLD3_HUMAN;"	"HUMAN"	1095.5	1216.5	586	1467	1731	1770
"sp|P10155|RO60_HUMAN;"	"HUMAN"	1567	1664	1454	1396	1514	1405
"sp|P12429|ANXA3_HUMAN;"	"HUMAN"	2034.33333333333	2130.66666666667	2220	2273	2374	2207
"sp|P21980|TGM2_HUMAN;"	"HUMAN"	860	702	1022	432	947	350
"sp|Q01518|CAP1_HUMAN;"	"HUMAN"	3269.33333333333	3348	3730.66666666667	3582	3268	3266.33333333333
"sp|P07355|ANXA2_HUMAN;"	"HUMAN"	15226.3333333333	15717.6666666667	15994.3333333333	16097.6666666667	15275.6666666667	14505
"sp|P0A6L0|DEOC_ECOLI;"	"ECOLI"	1085.66666666667	1100	861	2519	2612.33333333333	2663.33333333333
"sp|P0A7X3|RS9_ECOLI;"	"ECOLI"	3234	3107	3007	10979	10632.6666666667	10585.3333333333
"sp|P0A7R9|RS11_ECOLI;"	"ECOLI"	1761.5	1700	1693	7297	6700.33333333333	4765
"sp|P30084|ECHM_HUMAN;"	"HUMAN"	2340.66666666667	2623	2005	2040	2316.5	2108
"sp|P30044|PRDX5_HUMAN;"	"HUMAN"	10174	10467	10474.6666666667	11139.6666666667	11195	11097.3333333333
"sp|P0AFG8|ODP1_ECOLI;"	"ECOLI"	3843.5	2547	3872	12536	10935	12232
"tr|C8ZG50|C8ZG50_YEAS8;"	"YEAST"	12648.3333333333	12837	15280.3333333333	8825.5	5887.5	6887
"sp|P18669|PGAM1_HUMAN;"	"HUMAN"	7677.66666666667	7674	7258.66666666667	6870.33333333333	6841.33333333333	6469
"sp|P09211|GSTP1_HUMAN;"	"HUMAN"	8331.33333333333	8188.33333333333	9117	8342	8135	7903.66666666667
"sp|Q8NBJ5|GT251_HUMAN;"	"HUMAN"	3629	3771.33333333333	3411.33333333333	3343.33333333333	3670.33333333333	2911
"sp|P40227|TCPZ_HUMAN;"	"HUMAN"	5682.33333333333	5598.33333333333	5932.66666666667	5250.66666666667	5976.33333333333	5667.66666666667
"sp|P61889|MDH_ECOLI;"	"ECOLI"	2921	3359.66666666667	3208	12356.3333333333	11649	12425
"tr|C8ZH10|C8ZH10_YEAS8;"	"YEAST"	647	439	349	NA	NA	NA
"tr|C8ZF94|C8ZF94_YEAS8;"	"YEAST"	9928.33333333333	10959	10922.3333333333	4870.33333333333	6005.66666666667	5634
"sp|P62333|PRS10_HUMAN;"	"HUMAN"	991.666666666667	1139.33333333333	1305	1095	1023.33333333333	1436.33333333333
"sp|P02925|RBSB_ECOLI;"	"ECOLI"	9966	12332	11602.5	43708	41257.6666666667	44717.6666666667
"tr|C8Z853|C8Z853_YEAS8;"	"YEAST"	2586	2512.33333333333	2485	1680	1610	1752.5
"sp|P27302|TKT1_ECOLI;sp|P33570|TKT2_ECOLI;"	"ECOLI"	1037	527	1031	6220.5	5904.5	5739
"sp|Q9UHD9|UBQL2_HUMAN;"	"HUMAN"	764	814.5	828	828.5	1193	1305
"sp|P0A6Z3|HTPG_ECOLI;"	"ECOLI"	968	1050	855	2849.5	2904.66666666667	3064
"sp|P62937|PPIA_HUMAN;"	"HUMAN"	30239.3333333333	30178.3333333333	30815.3333333333	29389.3333333333	27956.6666666667	30600.6666666667
"sp|P0ABP8|DEOD_ECOLI;"	"ECOLI"	3117	2784	3206.33333333333	7180	8256.66666666667	7375.66666666667
"sp|P04843|RPN1_HUMAN;"	"HUMAN"	4120.33333333333	4265	3691.33333333333	4211	4183	3147.5
"sp|Q01082|SPTB2_HUMAN;"	"HUMAN"	1779.33333333333	1643.66666666667	2057.5	1886.66666666667	2007.33333333333	1794.66666666667
"sp|Q9Y2B0|CNPY2_HUMAN;"	"HUMAN"	1963	949.333333333333	1089.33333333333	946.333333333333	879.333333333333	1249
"sp|P50914|RL14_HUMAN;"	"HUMAN"	8027.5	8789.66666666667	8694	8789.33333333333	9683	9450.66666666667
"sp|Q9BQG0|MBB1A_HUMAN;"	"HUMAN"	1021.33333333333	1158.66666666667	1229	1019.66666666667	1100.66666666667	1166
"tr|C8Z3W9|C8Z3W9_YEAS8;"	"YEAST"	10200	9933.66666666667	10205.6666666667	5301	5026.66666666667	4760.66666666667
"sp|P65807|YGEY_ECOLI;"	"ECOLI"	NA	NA	NA	897	949	777.333333333333
"sp|Q92522|H1X_HUMAN;"	"HUMAN"	2070	1415	2920	3158.5	2932	2186.33333333333
"sp|P43243|MATR3_HUMAN;"	"HUMAN"	3884.33333333333	4334.66666666667	3840	3557.33333333333	4282.66666666667	3693
"tr|C8Z447|C8Z447_YEAS8;"	"YEAST"	4490.33333333333	4499	4327.66666666667	2388.5	2265	2091.33333333333
"sp|Q16531|DDB1_HUMAN;"	"HUMAN"	3447.33333333333	3586.33333333333	3589.66666666667	3006.33333333333	2818.33333333333	2724.5
"sp|P0A953|FABB_ECOLI;"	"ECOLI"	2602.5	2257.33333333333	2659	8319.66666666667	8404	8506
"tr|C8ZFJ1|C8ZFJ1_YEAS8;"	"YEAST"	948.5	1080	1174.66666666667	578	932.5	656.5
"sp|Q99880|H2B1L_HUMAN;"	"HUMAN"	53392.3333333333	53888.6666666667	53036	52309.3333333333	53179.3333333333	48457.6666666667
"sp|P0AES4|GYRA_ECOLI;"	"ECOLI"	245	NA	NA	1696.66666666667	1378.5	1706.33333333333
"sp|Q15369|ELOC_HUMAN;"	"HUMAN"	350.5	386.5	214	366	NA	409
"sp|O95347|SMC2_HUMAN;"	"HUMAN"	1241	1236	1818.5	1843.5	1339	2010
"sp|P42166|LAP2A_HUMAN;"	"HUMAN"	803.5	940	705.5	1273	937	925
"sp|P20073|ANXA7_HUMAN;"	"HUMAN"	965.333333333333	1024.33333333333	987.333333333333	923	1033.33333333333	993.333333333333
"sp|P0AET2|HDEB_ECOLI;"	"ECOLI"	683	NA	NA	1975.5	1879.33333333333	1796
"sp|P54819|KAD2_HUMAN;"	"HUMAN"	2783.5	3423.66666666667	3091.33333333333	3518.66666666667	3671.66666666667	3396.66666666667
"sp|P50416|CPT1A_HUMAN;"	"HUMAN"	1137.33333333333	1041.33333333333	1083.33333333333	1229	1192	1195
"sp|P0A853|TNAA_ECOLI;"	"ECOLI"	21417.3333333333	22079.6666666667	22423.3333333333	68176	74461	70544.6666666667
"sp|P16615|AT2A2_HUMAN;"	"HUMAN"	2343.66666666667	3378.66666666667	2956	3548.33333333333	3704.66666666667	3846.33333333333
"sp|P0A850|TIG_ECOLI;"	"ECOLI"	2269.33333333333	2065.66666666667	1620.5	5105.33333333333	5687	5791.66666666667
"tr|C8ZDZ7|C8ZDZ7_YEAS8;"	"YEAST"	6380	6832	7201.33333333333	4607.33333333333	5348	4923
"tr|C8ZHN0|C8ZHN0_YEAS8;"	"YEAST"	79620.5	77409.3333333333	81218.3333333333	43850.6666666667	46087	44176
"sp|Q14974|IMB1_HUMAN;"	"HUMAN"	5330.66666666667	4594.66666666667	5025	4785.66666666667	3937	4254.33333333333
"tr|C8Z813|C8Z813_YEAS8;"	"YEAST"	3009.33333333333	3269.66666666667	3089.66666666667	1681.33333333333	1736.33333333333	1947.33333333333
"tr|D3UF79|D3UF79_YEAS8;"	"YEAST"	942.5	1306	1099	787	767	NA
"sp|P62995|TRA2B_HUMAN;"	"HUMAN"	1061	1285	1087	1149.5	1095	1160
"sp|P61254|RL26_HUMAN;"	"HUMAN"	8353.5	8329	5541.33333333333	5983.33333333333	5942	8234.5
"sp|P00491|PNPH_HUMAN;"	"HUMAN"	1818	1967	1854.66666666667	2097.66666666667	2022	1971.66666666667
"tr|C8ZE76|C8ZE76_YEAS8;"	"YEAST"	7607	8207.66666666667	7163.33333333333	4258	4178	2869
"sp|P13010|XRCC5_HUMAN;"	"HUMAN"	10263.6666666667	9883	10472.6666666667	10497.6666666667	10217.6666666667	10020.3333333333
"tr|C8ZFM6|C8ZFM6_YEAS8;"	"YEAST"	5035	4956	5178	2727	3045.33333333333	2854
"sp|P0ACY3|YEAG_ECOLI;"	"ECOLI"	NA	NA	NA	1230.66666666667	858.5	797.5
"sp|P40926|MDHM_HUMAN;"	"HUMAN"	18090.3333333333	20048	18986	19917.3333333333	18907.6666666667	19400
"sp|P63235|GADC_ECOLI;"	"ECOLI"	NA	774	5920	11906	10831	10806
"sp|P0A717|KPRS_ECOLI;"	"ECOLI"	NA	728	1030	3425	3434.33333333333	3317.33333333333
"sp|Q9NZM1|MYOF_HUMAN;"	"HUMAN"	771.666666666667	741	976	845	842.666666666667	748
"sp|P00509|AAT_ECOLI;"	"ECOLI"	487	927	1061	2316.33333333333	2530	2540.33333333333
"tr|C8Z4Q5|C8Z4Q5_YEAS8;"	"YEAST"	1625.66666666667	1618.33333333333	1684.33333333333	957.5	870	755
"tr|C8Z8E3|C8Z8E3_YEAS8;"	"YEAST"	3541.33333333333	3877	3839	1942.33333333333	2199.66666666667	2090.66666666667
"sp|P0AAI9|FABD_ECOLI;"	"ECOLI"	NA	NA	NA	717.5	1044	748
"sp|P15311|EZRI_HUMAN;sp|P35241|RADI_HUMAN;sp|P26038|MOES_HUMAN;"	"HUMAN"	8347.66666666667	9411.33333333333	9557	9983	9527	9327
"tr|C8Z7P3|C8Z7P3_YEAS8;"	"YEAST"	9861	10094.3333333333	11719.3333333333	5272.5	5535.5	4730
"sp|P00387|NB5R3_HUMAN;"	"HUMAN"	1524.66666666667	1700.33333333333	1783.33333333333	2259.5	1531	1394.66666666667
"tr|C8ZCZ9|C8ZCZ9_YEAS8;"	"YEAST"	1282	1317	1460.33333333333	625.5	2178.66666666667	2250
"tr|C8Z7A8|C8Z7A8_YEAS8;"	"YEAST"	3086.33333333333	3334.66666666667	3248.66666666667	2022.33333333333	2180	1911.33333333333
"sp|P08238|HS90B_HUMAN;sp|Q58FF7|H90B3_HUMAN;"	"HUMAN"	10702	11054.3333333333	9894	10632	12453	11015
"tr|C8ZBM4|C8ZBM4_YEAS8;"	"YEAST"	4330	4085.33333333333	3750.33333333333	2342	2367	2300.33333333333
"sp|P49792|RBP2_HUMAN;"	"HUMAN"	143	NA	267.5	246	227	194
"sp|P0ADZ0|RL23_ECOLI;"	"ECOLI"	603.5	592	581	1552	1578.33333333333	1665.33333333333
"sp|P17844|DDX5_HUMAN;sp|Q92841|DDX17_HUMAN;"	"HUMAN"	7790.66666666667	7609.33333333333	8793.33333333333	7220.33333333333	7423.66666666667	8706
"sp|P50213|IDH3A_HUMAN;"	"HUMAN"	1370.5	1147	1789.33333333333	695	1008	1298
"tr|C8Z6D5|C8Z6D5_YEAS8;"	"YEAST"	3145.66666666667	3204	3249.66666666667	1298	3907	1465
"sp|P41252|SYIC_HUMAN;"	"HUMAN"	4816.33333333333	5151	3513	4453.66666666667	4157	4285.66666666667
"tr|C8ZDC4|C8ZDC4_YEAS8;"	"YEAST"	2812.33333333333	2987.33333333333	3138.33333333333	1256.5	1655	1259
"sp|Q53EL6|PDCD4_HUMAN;"	"HUMAN"	895	3089.5	1621	2450	2443	549
"sp|Q9NR30|DDX21_HUMAN;"	"HUMAN"	3154	3226.33333333333	3179.33333333333	3137.33333333333	3025.33333333333	3027
"tr|D3UEJ9|D3UEJ9_YEAS8;"	"YEAST"	1609.33333333333	1690.33333333333	1602.5	814	1054.5	748
"tr|C8ZEE2|C8ZEE2_YEAS8;tr|C8ZE49|C8ZE49_YEAS8;"	"YEAST"	12782.6666666667	12814.3333333333	13392	5346	6984.66666666667	4991
"sp|P30086|PEBP1_HUMAN;"	"HUMAN"	4363.66666666667	5279	5412	5263	4495.33333333333	5452.33333333333
"sp|Q9UHD8|SEPT9_HUMAN;"	"HUMAN"	NA	1430	1386	1006	699	767.666666666667
"sp|Q9UJZ1|STML2_HUMAN;"	"HUMAN"	3157	2545.5	1976.66666666667	2357.33333333333	2125.33333333333	1955.66666666667
"sp|P01891|1A68_HUMAN;sp|P30462|1B14_HUMAN;"	"HUMAN"	2220.5	2217	1945.5	2538	2534	2483
"sp|P30049|ATPD_HUMAN;"	"HUMAN"	4280	4197	3947	3325	3695.5	4167
"tr|C8ZAK5|C8ZAK5_YEAS8;"	"YEAST"	1789.5	2010.66666666667	1849	550	1097	1059.5
"sp|P0AEU7|SKP_ECOLI;"	"ECOLI"	2834.5	2369.5	860	4033.33333333333	3251.33333333333	3329
"sp|P55884|EIF3B_HUMAN;"	"HUMAN"	1169	882.666666666667	1084	870.666666666667	906.333333333333	954.666666666667
"sp|P14625|ENPL_HUMAN;"	"HUMAN"	17785.3333333333	18931.3333333333	18895.6666666667	18055.6666666667	18575.3333333333	18128.3333333333
"tr|C8Z689|C8Z689_YEAS8;"	"YEAST"	946.5	958.333333333333	776.666666666667	1227	870.666666666667	578
"tr|C8Z564|C8Z564_YEAS8;"	"YEAST"	232	460	350.5	NA	NA	NA
"tr|D3UF94|D3UF94_YEAS8;"	"YEAST"	10163.6666666667	10555	9044.33333333333	5426	5968	5740
"tr|C8Z8L6|C8Z8L6_YEAS8;"	"YEAST"	2512.33333333333	2489	2594.33333333333	1469	1224	1105
"sp|Q99623|PHB2_HUMAN;"	"HUMAN"	5594	5301.33333333333	3624.66666666667	5075	4913.33333333333	4963.33333333333
"sp|P21367|YCAC_ECOLI;"	"ECOLI"	3029.33333333333	3948	4258.66666666667	11576.6666666667	11754	11515.3333333333
"sp|P0AGD3|SODF_ECOLI;"	"ECOLI"	5678	5597.5	5533.66666666667	14550.3333333333	15514.6666666667	14425.6666666667
"sp|O43865|SAHH2_HUMAN;"	"HUMAN"	1358.33333333333	1297	1324	1162.33333333333	1175.66666666667	1185.33333333333
"tr|C8ZIV1|C8ZIV1_YEAS8;tr|D3UET4|D3UET4_YEAS8;"	"YEAST"	13889	14560.5	14762	8110	8261.5	7554
"tr|C8Z8S1|C8Z8S1_YEAS8;"	"YEAST"	6432.66666666667	6284.66666666667	5267.66666666667	3794.66666666667	4555.66666666667	3020
"sp|P05783|K1C18_HUMAN;"	"HUMAN"	15567	14030	14390.6666666667	14825.6666666667	14856	14119
"sp|P08107|HSP71_HUMAN;"	"HUMAN"	9933.66666666667	10399.3333333333	10396.3333333333	9335	10260.6666666667	9785
"sp|Q15907|RB11B_HUMAN;"	"HUMAN"	3025.66666666667	3102.33333333333	3358.66666666667	3248.33333333333	3413.33333333333	3380.66666666667
"sp|P54578|UBP14_HUMAN;"	"HUMAN"	1269	4048	4226	3351	3337	1911.5
"sp|P04792|HSPB1_HUMAN;"	"HUMAN"	11118	11695	12492.3333333333	10980	10249.3333333333	11169.3333333333
"sp|P32004|L1CAM_HUMAN;"	"HUMAN"	2421.66666666667	2529.33333333333	2678	2413.66666666667	2288.66666666667	2207
"sp|P62917|RL8_HUMAN;"	"HUMAN"	10935.6666666667	11507	11064	10286.3333333333	11662.3333333333	9899.33333333333
"sp|P25786|PSA1_HUMAN;"	"HUMAN"	4854.33333333333	4524	4107.33333333333	6990	4382.33333333333	4424.33333333333
"sp|P14314|GLU2B_HUMAN;"	"HUMAN"	3240	1469	10017.3333333333	2874	2286	8011
"sp|O75955|FLOT1_HUMAN;"	"HUMAN"	526.5	749	542	771	567	447
"tr|C8Z8L1|C8Z8L1_YEAS8;tr|C8Z942|C8Z942_YEAS8;"	"YEAST"	11938	12464	12232.5	9567	7291.5	7324.5
"sp|P20966|PTFBC_ECOLI;"	"ECOLI"	6015	6113	5897	16747	18196.6666666667	17354.6666666667
"sp|P0ABC7|HFLK_ECOLI;"	"ECOLI"	1432	NA	NA	1420	651	961.5
"sp|P0ADB1|OSME_ECOLI;"	"ECOLI"	419	8481	2825.5	11575	12268	10069
"sp|P49773|HINT1_HUMAN;"	"HUMAN"	4321	4300.33333333333	5706.5	3935.66666666667	3952.33333333333	4048
"sp|Q02809|PLOD1_HUMAN;"	"HUMAN"	4059	4335.33333333333	3025.5	4519	3375.5	2964.5
"tr|C8Z9N2|C8Z9N2_YEAS8;"	"YEAST"	1160.33333333333	1149	1254	660	597	859
"sp|P04264|K2C1_HUMAN;"	"HUMAN"	4498.66666666667	4613.33333333333	4353	3404.66666666667	3406	3375
"tr|C8ZD16|C8ZD16_YEAS8;"	"YEAST"	65059	65584	73303.6666666667	43332.6666666667	42862.6666666667	45413.3333333333
"sp|Q12797|ASPH_HUMAN;"	"HUMAN"	1383	1339	1169	1310	1357.66666666667	1212.33333333333
"tr|C8ZBS1|C8ZBS1_YEAS8;"	"YEAST"	18258.3333333333	17572	17932	7996.33333333333	7786	8058
"sp|P54652|HSP72_HUMAN;sp|P11142|HSP7C_HUMAN;"	"HUMAN"	11451	13062	13802.5	14901	15023.5	13724
"sp|P08107|HSP71_HUMAN;sp|P17066|HSP76_HUMAN;"	"HUMAN"	13910.6666666667	14359	13973.6666666667	14742.3333333333	13013.6666666667	13698.3333333333
"sp|P00505|AATM_HUMAN;"	"HUMAN"	6945	7022.33333333333	6928.33333333333	6007.33333333333	6265.33333333333	6606.33333333333
"tr|C8Z7S0|C8Z7S0_YEAS8;"	"YEAST"	6051.33333333333	6510.66666666667	6375	3501.33333333333	3945.66666666667	3664.33333333333
"sp|P22392|NDKB_HUMAN;"	"HUMAN"	8988	8999.66666666667	8472	5170.5	8343	5289
"sp|P49588|SYAC_HUMAN;"	"HUMAN"	2463.33333333333	2346.33333333333	2278.66666666667	2397	2405.66666666667	2403.33333333333
"sp|P56537|IF6_HUMAN;"	"HUMAN"	868	1023	997.5	950.5	1287	1483
"sp|P0A8N3|SYK1_ECOLI;sp|P0A8N5|SYK2_ECOLI;"	"ECOLI"	3177.5	2003	2980	8790.5	8774	10748
"tr|C8ZFA7|C8ZFA7_YEAS8;"	"YEAST"	18046	19677	12077.3333333333	9579.33333333333	10454	11430
"tr|C8Z7W6|C8Z7W6_YEAS8;"	"YEAST"	6920.66666666667	9807.33333333333	9628.33333333333	6740	7006	5669.66666666667
"sp|P32132|TYPA_ECOLI;"	"ECOLI"	NA	1386	NA	1868	1818	1799.5
"tr|C8ZDW1|C8ZDW1_YEAS8;"	"YEAST"	3805.33333333333	3844	4172	2661.33333333333	2510.33333333333	1546.66666666667
"sp|P22234|PUR6_HUMAN;"	"HUMAN"	5048	5160.33333333333	4872.66666666667	4680	5174.66666666667	5081.33333333333
"sp|P22333|ADD_ECOLI;"	"ECOLI"	387	NA	NA	641	971.5	850.5
"sp|Q02878|RL6_HUMAN;"	"HUMAN"	9066.33333333333	8939.66666666667	10168.6666666667	9200	10161.3333333333	9756.33333333333
"sp|P07205|PGK2_HUMAN;sp|P00558|PGK1_HUMAN;"	"HUMAN"	14970.3333333333	15844.6666666667	14894	20362	16036.6666666667	20008
"tr|C8ZE55|C8ZE55_YEAS8;tr|C8ZED2|C8ZED2_YEAS8;"	"YEAST"	2849	2310	907.5	1857	1839	428
"sp|P21179|CATE_ECOLI;"	"ECOLI"	2114.5	2071	1859.5	8663	8499	6025.5
"sp|Q9Y3Y2|CHTOP_HUMAN;"	"HUMAN"	753.5	730	744.5	768.5	657	819
"tr|C8Z957|C8Z957_YEAS8;"	"YEAST"	133	143	133	NA	61	1270
"sp|O15143|ARC1B_HUMAN;"	"HUMAN"	1564.5	1813.5	1730.66666666667	1634.66666666667	1741.66666666667	1804.66666666667
"sp|P10909|CLUS_HUMAN;"	"HUMAN"	1597.66666666667	1519.66666666667	1522.66666666667	1230.66666666667	1562.33333333333	1491.33333333333
"sp|P13804|ETFA_HUMAN;"	"HUMAN"	4628	4826.5	4386	4157	3962.33333333333	4363.33333333333
"sp|P52943|CRIP2_HUMAN;"	"HUMAN"	435	186	187	448.5	178	176
"sp|P12270|TPR_HUMAN;"	"HUMAN"	1469.5	1521.5	1177.33333333333	1228.33333333333	1288	1199.33333333333
"sp|P27144|KAD4_HUMAN;"	"HUMAN"	1406	1073	1039	1139	1403	1731
"sp|P0ABB0|ATPA_ECOLI;"	"ECOLI"	5348	3483	2932	10225.6666666667	10010	10570.3333333333
"tr|C8ZAF6|C8ZAF6_YEAS8;"	"YEAST"	3760	3651.66666666667	3894.66666666667	1995	1761.5	2403
"sp|Q07065|CKAP4_HUMAN;"	"HUMAN"	3418	3471.66666666667	3775	3773	3652.33333333333	3983.33333333333
"sp|Q00839|HNRPU_HUMAN;"	"HUMAN"	19437	19729.6666666667	19160	19172	18559.3333333333	19166.6666666667
"sp|P0AEB2|DACA_ECOLI;"	"ECOLI"	NA	NA	NA	1265.5	1856	1803.33333333333
"sp|Q16698|DECR_HUMAN;"	"HUMAN"	1436.5	1505.66666666667	1547	1899.5	1729	1771
"sp|P28074|PSB5_HUMAN;"	"HUMAN"	2538	2687.33333333333	2202.66666666667	2581.33333333333	2472	2355.66666666667
"tr|C8ZHQ2|C8ZHQ2_YEAS8;"	"YEAST"	1153	82	51	NA	NA	NA
"tr|C8Z8K6|C8Z8K6_YEAS8;"	"YEAST"	2866.33333333333	3036.33333333333	2606	2226.5	1960	2164
"sp|P29692|EF1D_HUMAN;"	"HUMAN"	7839.66666666667	7221.66666666667	4981.5	7199.66666666667	7381.66666666667	7300.66666666667
"sp|P32119|PRDX2_HUMAN;"	"HUMAN"	14488	15278	14234.3333333333	15999.6666666667	16970	15586
"sp|P09493|TPM1_HUMAN;"	"HUMAN"	1476	2065	1590	837	1509	1518
"sp|P31942|HNRH3_HUMAN;"	"HUMAN"	3553.66666666667	3290.33333333333	3143.33333333333	3338.66666666667	3195	3333
"sp|P55795|HNRH2_HUMAN;"	"HUMAN"	669.5	937.5	880	955.5	1037	861.5
"tr|C8Z9H8|C8Z9H8_YEAS8;"	"YEAST"	1817.33333333333	1721	1859.66666666667	908.333333333333	1374.33333333333	1152.5
"sp|O00592|PODXL_HUMAN;"	"HUMAN"	1376	3288.33333333333	3165	1731	3595	1283
"sp|P46940|IQGA1_HUMAN;"	"HUMAN"	3350.33333333333	4859	4178.66666666667	3517	3235	2916.33333333333
"sp|P10412|H14_HUMAN;"	"HUMAN"	9289	8454.33333333333	9275.66666666667	6080.33333333333	7249	7054.33333333333
"tr|C8ZJ52|C8ZJ52_YEAS8;"	"YEAST"	2909	2743.33333333333	2972	1332.66666666667	1276.66666666667	2498
"sp|P0A6K6|DEOB_ECOLI;"	"ECOLI"	1896.33333333333	1517	1606.66666666667	5816.66666666667	5470	5505.33333333333
"tr|C8ZBQ7|C8ZBQ7_YEAS8;tr|C8ZB87|C8ZB87_YEAS8;"	"YEAST"	2249	2171	1319	2222	1981	1691
"sp|P0C0S5|H2AZ_HUMAN;"	"HUMAN"	9537	9096	9596	8828	8700	8618
"sp|P0A7W1|RS5_ECOLI;"	"ECOLI"	6046.66666666667	5528.66666666667	6097	19614	19980	19039.3333333333
"sp|P51149|RAB7A_HUMAN;"	"HUMAN"	3216.33333333333	3063.5	3154.33333333333	2951.5	3016.5	3171.66666666667
"sp|Q96AG4|LRC59_HUMAN;"	"HUMAN"	7200.66666666667	6642.33333333333	7201.33333333333	6449.33333333333	6548.66666666667	6697.66666666667
"sp|P23869|PPIB_ECOLI;"	"ECOLI"	761	835	NA	3354.66666666667	3482	3178.33333333333
"sp|P0AG51|RL30_ECOLI;"	"ECOLI"	2595.66666666667	2164	2099.66666666667	7217.66666666667	7950.66666666667	7905.33333333333
"sp|Q9NVI7|ATD3A_HUMAN;"	"HUMAN"	2678.33333333333	2318	2684.33333333333	2640.33333333333	2756.33333333333	2742
"tr|C8Z669|C8Z669_YEAS8;"	"YEAST"	1910	2161.5	NA	NA	2573	NA
"sp|O00154|BACH_HUMAN;"	"HUMAN"	726	947	883	893	841	811.5
"tr|C8Z7K1|C8Z7K1_YEAS8;"	"YEAST"	3643	2252.5	2360.5	2092.33333333333	2479.66666666667	1540
"tr|C8ZJG8|C8ZJG8_YEAS8;"	"YEAST"	1018.66666666667	1107	1057.33333333333	936.5	751	787
"tr|C8Z516|C8Z516_YEAS8;"	"YEAST"	1834.66666666667	1950	2015	1649.5	883.333333333333	1207.5
"sp|P14324|FPPS_HUMAN;"	"HUMAN"	3311	4206	4360	3261.5	3884	2934.5
"sp|P0AFG0|NUSG_ECOLI;"	"ECOLI"	694	770	970	2209	2049.66666666667	1874.33333333333
"sp|P16104|H2AX_HUMAN;"	"HUMAN"	2893.5	2572.5	2794.5	2634.5	2651.66666666667	2807.66666666667
"tr|C8Z6H7|C8Z6H7_YEAS8;"	"YEAST"	3570.66666666667	3638.33333333333	3760.66666666667	2125.66666666667	2300	2138
"sp|O14950|ML12B_HUMAN;"	"HUMAN"	4177.33333333333	4039	4338.5	4583.33333333333	4366.33333333333	4398.33333333333
"sp|Q9BWD1|THIC_HUMAN;"	"HUMAN"	837.5	801	927.666666666667	968.333333333333	954	986.666666666667
"sp|P0AC41|DHSA_ECOLI;"	"ECOLI"	640.5	725	NA	1549.66666666667	1702.66666666667	1522
"sp|Q9UMS4|PRP19_HUMAN;"	"HUMAN"	2933.66666666667	3204.5	3062	2730	1969	3034
"sp|P0A7S3|RS12_ECOLI;"	"ECOLI"	2221.5	2926.66666666667	3873	6968.33333333333	7480	7215
"tr|C8Z9C6|C8Z9C6_YEAS8;"	"YEAST"	8898.66666666667	9063.66666666667	8461	5663.66666666667	6034.5	5795
"sp|P0ADE6|YGAU_ECOLI;"	"ECOLI"	3147.33333333333	3541.66666666667	3463.66666666667	9230	9038.66666666667	10169.5
"sp|P61981|1433G_HUMAN;"	"HUMAN"	3548.66666666667	3623.33333333333	3555.66666666667	3699.66666666667	3866	3848
"sp|P0A6N4|EFP_ECOLI;"	"ECOLI"	814	991	NA	1906	1954	1833.5
"sp|P0A8G6|NQOR_ECOLI;"	"ECOLI"	2415.33333333333	2483.33333333333	2258.5	7050.33333333333	7000.33333333333	7010.33333333333
"sp|P22695|QCR2_HUMAN;"	"HUMAN"	2559.33333333333	2670	2576.66666666667	2242.5	2445.5	2151.5
"sp|P11387|TOP1_HUMAN;"	"HUMAN"	810	837	808.5	998	887	1145
"sp|P62191|PRS4_HUMAN;"	"HUMAN"	5029	3105.5	3132.5	3053	2079.5	1282
"sp|P51659|DHB4_HUMAN;"	"HUMAN"	2733.66666666667	2587.66666666667	2767.66666666667	2482.33333333333	2711	2423.33333333333
"sp|P49368|TCPG_HUMAN;"	"HUMAN"	6031	5945	5486.66666666667	6089.66666666667	6273.33333333333	6188.66666666667
"sp|P0A8V2|RPOB_ECOLI;"	"ECOLI"	1530	1993.5	1759	6093.66666666667	5739.33333333333	6372.66666666667
"tr|C8Z3U3|C8Z3U3_YEAS8;"	"YEAST"	20232	19346	18526.6666666667	9213.33333333333	9379.66666666667	9403.66666666667
"sp|Q16891|IMMT_HUMAN;"	"HUMAN"	1774	1906	1851.66666666667	2059	1782	2003.33333333333
"sp|P62906|RL10A_HUMAN;"	"HUMAN"	8975.33333333333	11323.5	10603.5	11178.3333333333	10970	11212
"sp|O75475|PSIP1_HUMAN;"	"HUMAN"	1354.66666666667	1550.66666666667	1471	1673.33333333333	1750	1676.33333333333
"sp|P37095|PEPB_ECOLI;"	"ECOLI"	563	1381	745.5	2495.33333333333	2516	2256
"sp|Q99848|EBP2_HUMAN;"	"HUMAN"	1241.33333333333	1183	1357	1255.66666666667	1236	1161.33333333333
"sp|Q8TEM1|PO210_HUMAN;"	"HUMAN"	1066	1284.5	1646	1156	1103.5	1195
"sp|P25705|ATPA_HUMAN;"	"HUMAN"	18616.6666666667	18704	17329	17980.3333333333	18921.5	18576
"sp|P29401|TKT_HUMAN;"	"HUMAN"	37062.6666666667	37877.6666666667	40020.3333333333	34256.3333333333	39079.6666666667	37316
"tr|C8ZHB0|C8ZHB0_YEAS8;"	"YEAST"	774	827	1102	903	940	NA
"sp|P25788|PSA3_HUMAN;"	"HUMAN"	2235	2275.33333333333	2536.33333333333	2212.33333333333	2165	1908.5
"sp|P68366|TBA4A_HUMAN;"	"HUMAN"	13672	13766	15061	11711.6666666667	11371.6666666667	11132.3333333333
"sp|Q9BQE3|TBA1C_HUMAN;"	"HUMAN"	46668	48475	48932.3333333333	49363.3333333333	49507	48689.3333333333
"tr|D3UEC7|D3UEC7_YEAS8;"	"YEAST"	11487.3333333333	11203.6666666667	11040	6018.66666666667	6064.66666666667	6601.33333333333
"sp|Q32P28|P3H1_HUMAN;"	"HUMAN"	1220	1208.66666666667	1249.33333333333	1366.66666666667	1442.66666666667	1440.33333333333
"tr|C8Z5Y0|C8Z5Y0_YEAS8;"	"YEAST"	10233	11416	11229.6666666667	7379	7069.33333333333	7065.66666666667
"sp|O14980|XPO1_HUMAN;"	"HUMAN"	1703.66666666667	1849	1644.5	2122.5	1611	2150.66666666667
"tr|C8Z3H3|C8Z3H3_YEAS8;"	"YEAST"	7519.33333333333	7671	7474.66666666667	6105	5081	5938.66666666667
"tr|C8ZCU8|C8ZCU8_YEAS8;"	"YEAST"	9329.66666666667	9197.33333333333	9560	5232.33333333333	4478	5068.66666666667
"sp|P61513|RL37A_HUMAN;"	"HUMAN"	2483.33333333333	2211.5	2273.5	2161	2549.5	4266
"tr|C8Z5S9|C8Z5S9_YEAS8;"	"YEAST"	2254.66666666667	2316.33333333333	2614	1645.5	1607.5	1681
"sp|Q01081|U2AF1_HUMAN;"	"HUMAN"	3851.66666666667	4154.66666666667	2879.33333333333	3936.33333333333	3950.66666666667	4011.33333333333
"sp|P60981|DEST_HUMAN;"	"HUMAN"	1709.33333333333	2189.5	2321	1778.66666666667	2171	2202.5
"tr|C8Z462|C8Z462_YEAS8;"	"YEAST"	1215.5	1115.66666666667	1231	348	NA	276
"sp|Q96TA1|NIBL1_HUMAN;"	"HUMAN"	2671	2843.5	2874.5	3652.66666666667	3271	3249
"tr|C8Z9X5|C8Z9X5_YEAS8;"	"YEAST"	7979.66666666667	7702.33333333333	10091.5	7507.33333333333	7290.66666666667	7310.66666666667
"sp|P21599|KPYK2_ECOLI;"	"ECOLI"	4476	3665	3474	8050.66666666667	8183.66666666667	7838.33333333333
"sp|P0A9K3|PHOL_ECOLI;"	"ECOLI"	NA	525	1184	1182.33333333333	1201.66666666667	1159.33333333333
"sp|Q96FQ6|S10AG_HUMAN;"	"HUMAN"	742	715.5	661.5	702	904.5	919.5
"sp|P21399|ACOC_HUMAN;"	"HUMAN"	1149	1159.66666666667	1131.33333333333	1005	844.5	1057
"sp|Q9NZL9|MAT2B_HUMAN;"	"HUMAN"	1360	1154	1403.66666666667	1291.66666666667	1157.66666666667	NA
"sp|P23528|COF1_HUMAN;"	"HUMAN"	23366	22730.3333333333	22928.6666666667	23341.3333333333	22831	25557.6666666667
"sp|Q15436|SC23A_HUMAN;"	"HUMAN"	1762	1620.66666666667	1841.33333333333	1382.66666666667	1345	3485
"sp|Q6IBS0|TWF2_HUMAN;"	"HUMAN"	344.5	500	435	368.5	274.5	320.5
"sp|P04350|TBB4A_HUMAN;sp|P68371|TBB4B_HUMAN;"	"HUMAN"	8805.33333333333	7885.66666666667	8698.33333333333	7760	7610	7528
"sp|P60763|RAC3_HUMAN;"	"HUMAN"	2712	2990	3590.66666666667	2445	2575	2606
"tr|D3UF11|D3UF11_YEAS8;"	"YEAST"	2578.66666666667	2477.66666666667	3163.5	1588.33333333333	1993.5	1772
"tr|C8ZH35|C8ZH35_YEAS8;"	"YEAST"	1678	1777.5	1632.5	962	810	823
"sp|Q9Y2T3|GUAD_HUMAN;"	"HUMAN"	2065	1930	2108	1700	1634.33333333333	1848.33333333333
"tr|C8ZDR6|C8ZDR6_YEAS8;"	"YEAST"	4947.66666666667	4940.66666666667	5044.33333333333	2699.66666666667	2690	3724
"sp|Q13200|PSMD2_HUMAN;"	"HUMAN"	2441.5	4256.5	3921	3048.33333333333	3145	2930
"sp|P58107|EPIPL_HUMAN;"	"HUMAN"	1363.33333333333	1480.66666666667	1633	1509.33333333333	1388	1665
"sp|P31057|PANB_ECOLI;"	"ECOLI"	1108.5	3475	476	4198	3186	4088
"sp|O60701|UGDH_HUMAN;"	"HUMAN"	1701.5	1811.66666666667	2251.66666666667	1736	2311.66666666667	2278.66666666667
"sp|Q14980|NUMA1_HUMAN;"	"HUMAN"	998.5	1491.33333333333	1048	1017.5	1660.66666666667	1199.5
"tr|C8Z3F6|C8Z3F6_YEAS8;"	"YEAST"	1131	1190	1193	645	650	715
"sp|P0A7N4|RL32_ECOLI;"	"ECOLI"	NA	NA	2966.5	4703	4953.33333333333	4823.33333333333
"sp|Q04917|1433F_HUMAN;"	"HUMAN"	1143.5	1088.5	1077.33333333333	1281.66666666667	1241	1123.66666666667
"sp|P27348|1433T_HUMAN;"	"HUMAN"	3672.33333333333	3832.66666666667	3527.5	3689.33333333333	3747.66666666667	3628.33333333333
"sp|P31946|1433B_HUMAN;"	"HUMAN"	6337	5989.5	5803.5	6532	6244	6259.5
"sp|Q9UHX1|PUF60_HUMAN;"	"HUMAN"	792	761.5	739	793	546.5	774.5
"tr|C8Z5U7|C8Z5U7_YEAS8;"	"YEAST"	4864.5	3966.66666666667	3985.33333333333	2401.5	2169.5	1924.33333333333
"sp|P0A6F3|GLPK_ECOLI;"	"ECOLI"	449	NA	533	2237.33333333333	1103.5	2223
"sp|P37902|GLTI_ECOLI;"	"ECOLI"	1667	1822.5	2528.5	2623	2592.33333333333	2665.33333333333
"tr|C8Z8C7|C8Z8C7_YEAS8;"	"YEAST"	10587.3333333333	10501.6666666667	10252	5777.66666666667	6421.33333333333	5964.66666666667
"sp|P17980|PRS6A_HUMAN;"	"HUMAN"	2078.66666666667	2026.33333333333	2006.33333333333	2074.33333333333	2050.66666666667	1842.66666666667
"sp|O75915|PRAF3_HUMAN;"	"HUMAN"	990.5	947	1504	1448	934.5	1020
"sp|P43487|RANG_HUMAN;"	"HUMAN"	2292.33333333333	2145	2189.66666666667	2197	2342.66666666667	2197.33333333333
"sp|Q12906|ILF3_HUMAN;"	"HUMAN"	5662.33333333333	5912	3345.66666666667	4766	6283	6151.33333333333
"tr|C8Z7C8|C8Z7C8_YEAS8;"	"YEAST"	1464.33333333333	1354.33333333333	1713.66666666667	836	761	783.5
"tr|C8Z8S9|C8Z8S9_YEAS8;"	"YEAST"	19154.3333333333	21503.6666666667	16692.3333333333	13262	11780	11489.3333333333
"tr|C8Z746|C8Z746_YEAS8;"	"YEAST"	10482	10751.6666666667	10033.5	5660.33333333333	6233.33333333333	4901.5
"sp|P49207|RL34_HUMAN;"	"HUMAN"	6129	6212.33333333333	6435	6906.33333333333	6933.33333333333	8188
"sp|Q15637|SF01_HUMAN;"	"HUMAN"	1174	1163	1308	1132	1104.33333333333	813
"sp|P54136|SYRC_HUMAN;"	"HUMAN"	3495	3463.66666666667	3557.33333333333	3439	3218.66666666667	3303.33333333333
"sp|P0ABJ9|CYDA_ECOLI;"	"ECOLI"	5000	5313	5020.33333333333	15936.3333333333	16258	16025
"sp|Q99536|VAT1_HUMAN;"	"HUMAN"	3960.33333333333	4000.33333333333	4691.33333333333	4124	4671.33333333333	4313.66666666667
"sp|O43707|ACTN4_HUMAN;"	"HUMAN"	8119.66666666667	8059	8229.5	7058.33333333333	8290.33333333333	8009.5
"sp|P20700|LMNB1_HUMAN;"	"HUMAN"	6661.66666666667	6023.66666666667	6474.33333333333	6872	6461.33333333333	6329
"sp|P0A6A3|ACKA_ECOLI;"	"ECOLI"	NA	1720	1343	4179.66666666667	4212.33333333333	4352.66666666667
"sp|Q99729|ROAA_HUMAN;"	"HUMAN"	2550.66666666667	2927.33333333333	2905	3406	3562.66666666667	3450
"sp|P42126|ECI1_HUMAN;"	"HUMAN"	2018	1993	2111.5	NA	1853.5	1671
"sp|P39325|YTFQ_ECOLI;"	"ECOLI"	3121	3174	2012	6343.5	5997	6139.5
"tr|C8ZHX0|C8ZHX0_YEAS8;"	"YEAST"	2638.66666666667	2831.66666666667	3000.66666666667	2126	1931	2164
"sp|B5ME19|EIFCL_HUMAN;"	"HUMAN"	2800	2709.66666666667	2753.33333333333	2297.66666666667	2101.66666666667	2376.33333333333
"tr|C8ZF67|C8ZF67_YEAS8;"	"YEAST"	2293.5	2234	1951	1496	1365.5	1447
"tr|C8Z3L8|C8Z3L8_YEAS8;"	"YEAST"	4409.33333333333	4597.33333333333	4440.33333333333	2723.66666666667	2571	2465
"sp|Q15717|ELAV1_HUMAN;"	"HUMAN"	3686	3652.66666666667	4165	4204	3919.33333333333	4890
"sp|P50995|ANX11_HUMAN;"	"HUMAN"	1071.66666666667	1027	1417.5	1417.5	1091.66666666667	1497.5
"sp|O75874|IDHC_HUMAN;"	"HUMAN"	2151	2126.66666666667	2227	2317.33333333333	2146	2226
"sp|P13929|ENOB_HUMAN;"	"HUMAN"	7936	6290.66666666667	21032.5	16232.3333333333	21429.5	15906.6666666667
"sp|P08997|MASY_ECOLI;"	"ECOLI"	5320.5	4501.5	7402	10384.6666666667	11644.6666666667	10299
"sp|P62805|H4_HUMAN;"	"HUMAN"	98061.6666666667	99389	95603	100812	99500.5	136031
"tr|C8Z3H3|C8Z3H3_YEAS8;tr|C8Z3R8|C8Z3R8_YEAS8;tr|C8ZCU8|C8ZCU8_YEAS8;"	"YEAST"	9375	9658	6210.66666666667	4322	7561	4685
"sp|P0ACD8|MBHL_ECOLI;"	"ECOLI"	NA	NA	NA	2328.66666666667	1735.66666666667	2192
"sp|P60624|RL24_ECOLI;"	"ECOLI"	NA	8270	1266	10730.6666666667	9067.33333333333	8805.33333333333
"sp|P37802|TAGL2_HUMAN;"	"HUMAN"	12493.3333333333	12062	13318.6666666667	12706.3333333333	12008.6666666667	12465.6666666667
"sp|P53999|TCP4_HUMAN;"	"HUMAN"	2385.5	2024	1268.5	2448	NA	2607
"sp|P69908|DCEA_ECOLI;sp|P69910|DCEB_ECOLI;"	"ECOLI"	12643.5	12895	15056	46957	49001.6666666667	45507
"sp|P63244|GBLP_HUMAN;"	"HUMAN"	7701.33333333333	8094	7610	7771	8634.66666666667	8748
"sp|Q14108|SCRB2_HUMAN;"	"HUMAN"	2260	2132	2190	1569.5	2595	1457.5
"sp|Q6UB35|C1TM_HUMAN;"	"HUMAN"	1700.5	1993	1526	1138.5	1189	1332
"tr|C8ZC25|C8ZC25_YEAS8;"	"YEAST"	3929.66666666667	4129.33333333333	4330.66666666667	2408	2785.33333333333	2271
"sp|P12236|ADT3_HUMAN;"	"HUMAN"	4827	4831	4496	4511	4316.5	4435.5
"sp|Q04760|LGUL_HUMAN;"	"HUMAN"	2995	3072	3344.33333333333	2715	3458.66666666667	3511.33333333333
"tr|C8Z4L4|C8Z4L4_YEAS8;"	"YEAST"	2130.5	2963.66666666667	2196.5	1622	1688	1144
"sp|P23284|PPIB_HUMAN;"	"HUMAN"	10611	10300.6666666667	10122.6666666667	10474.6666666667	9897	8863
"sp|P32969|RL9_HUMAN;"	"HUMAN"	6877.33333333333	6659	6620.5	6533	5957.66666666667	6507
"sp|P06737|PYGL_HUMAN;"	"HUMAN"	1344	1890	935.5	1008.5	969	1166
"sp|P56134|ATPK_HUMAN;"	"HUMAN"	5231	5319	5190.5	5061.5	5032	4871
"sp|O00264|PGRC1_HUMAN;"	"HUMAN"	1867	1765.5	3767	4271	136	2124.5
"sp|P30041|PRDX6_HUMAN;"	"HUMAN"	13574.6666666667	13074	13737.6666666667	12215.3333333333	12706.6666666667	11777.6666666667
"sp|P0ADZ7|YAJC_ECOLI;"	"ECOLI"	1230	1133	NA	2201.66666666667	2498.66666666667	2651.33333333333
"sp|O75531|BAF_HUMAN;"	"HUMAN"	1808.66666666667	1778.33333333333	1753	1981.33333333333	1874.33333333333	1830
"sp|Q14566|MCM6_HUMAN;"	"HUMAN"	1688.66666666667	1523	1338.66666666667	1610.66666666667	1671.33333333333	1678.66666666667
"sp|P04075|ALDOA_HUMAN;sp|P09972|ALDOC_HUMAN;"	"HUMAN"	2887.33333333333	2656	2833	2678.66666666667	2600.66666666667	2764.33333333333
"sp|P61604|CH10_HUMAN;"	"HUMAN"	21545.3333333333	23703.6666666667	20556.3333333333	24943	25204.3333333333	23150.3333333333
"sp|P30462|1B14_HUMAN;"	"HUMAN"	2106.66666666667	2156	2210.33333333333	2417.66666666667	2441.33333333333	2460.66666666667
"sp|P30101|PDIA3_HUMAN;"	"HUMAN"	8720.66666666667	9206	8712	9818	10474.3333333333	10699.6666666667
"sp|Q96C19|EFHD2_HUMAN;"	"HUMAN"	566	704	609	459.666666666667	685.5	610
"sp|P09382|LEG1_HUMAN;"	"HUMAN"	15340.5	16853	22210	19416.3333333333	17771	14957
"sp|P07602|SAP_HUMAN;"	"HUMAN"	4617.66666666667	4573	3837	4643.33333333333	4454.33333333333	4347.33333333333
"sp|P12814|ACTN1_HUMAN;"	"HUMAN"	1413.66666666667	1625.66666666667	1483.66666666667	1639.33333333333	1653.33333333333	1760
"sp|P35609|ACTN2_HUMAN;"	"HUMAN"	631.5	693	704	530	1665.5	661
"sp|P11413|G6PD_HUMAN;"	"HUMAN"	5152	5244	5090.33333333333	5002.66666666667	5001.66666666667	5293.66666666667
"sp|P68104|EF1A1_HUMAN;"	"HUMAN"	15269.3333333333	17028.6666666667	17207.3333333333	18978.3333333333	20256.3333333333	20832
"sp|P08670|VIME_HUMAN;"	"HUMAN"	30060	31820	34623	30447.3333333333	31889.3333333333	30807
"sp|Q07955|SRSF1_HUMAN;"	"HUMAN"	4241.66666666667	4431.66666666667	4846.33333333333	4669.66666666667	4216	4763.33333333333
"tr|C8ZJM0|C8ZJM0_YEAS8;"	"YEAST"	3101.66666666667	3209.66666666667	3182.66666666667	1889.5	2224	1678.66666666667
"sp|Q13242|SRSF9_HUMAN;"	"HUMAN"	2673	1753	2405.5	1686	1948	1355
"sp|P27816|MAP4_HUMAN;"	"HUMAN"	2759.66666666667	3083.66666666667	2911.66666666667	3207.66666666667	3263	3185.66666666667
"sp|Q99798|ACON_HUMAN;"	"HUMAN"	1485.66666666667	1567.66666666667	1804	1126.66666666667	1673.66666666667	1715.33333333333
"sp|P31949|S10AB_HUMAN;"	"HUMAN"	5851.66666666667	6327.33333333333	6208.33333333333	6061	5836	6161.66666666667
"tr|D3UEM1|D3UEM1_YEAS8;"	"YEAST"	1809.5	2202.66666666667	2465.66666666667	1680	1074	1000.5
"sp|P0A7L8|RL27_ECOLI;"	"ECOLI"	846.5	1112	1252.5	2769.33333333333	2890.33333333333	2206.5
"sp|P0AAT9|YBEL_ECOLI;"	"ECOLI"	NA	NA	NA	3025.66666666667	2931.66666666667	2819.66666666667
"sp|P37685|ALDB_ECOLI;"	"ECOLI"	981	1089	1083	2734	3002.33333333333	2311.5
"sp|P49257|LMAN1_HUMAN;"	"HUMAN"	3414.5	3579.33333333333	3399.33333333333	3610.33333333333	3679.5	3086.33333333333
"sp|Q13765|NACA_HUMAN;"	"HUMAN"	4748.33333333333	5097	4950	4860.33333333333	4892	4975.5
"tr|C8ZCB6|C8ZCB6_YEAS8;"	"YEAST"	9608	8385	10212.6666666667	5649	3904	4937
"sp|P62273|RS29_HUMAN;"	"HUMAN"	3597.5	3621.5	3783.5	3718.5	3650	3697
"tr|C8ZFW0|C8ZFW0_YEAS8;"	"YEAST"	584.5	1704.66666666667	1689.66666666667	807.333333333333	1080.5	1147.5
"sp|P36776|LONM_HUMAN;"	"HUMAN"	2193.33333333333	1934.66666666667	2175.66666666667	1932.5	2307.5	1370.66666666667
"sp|Q9H0S4|DDX47_HUMAN;"	"HUMAN"	952	1072	977.5	959.5	1218.33333333333	1122.5
"sp|P12956|XRCC6_HUMAN;"	"HUMAN"	7954	6292	7713	7296.33333333333	6672.33333333333	6920.33333333333
"sp|P46777|RL5_HUMAN;"	"HUMAN"	10393.6666666667	10082.3333333333	9390.66666666667	10377	9940	10462.6666666667
"sp|P51665|PSMD7_HUMAN;"	"HUMAN"	385.333333333333	632	714	612.5	422.333333333333	628.5
"sp|P62249|RS16_HUMAN;"	"HUMAN"	9400	9964.33333333333	9657.66666666667	9739.33333333333	3145	9343.33333333333
"sp|Q7L1Q6|BZW1_HUMAN;"	"HUMAN"	2488	2408.33333333333	2752.33333333333	2468.5	2287	2375.33333333333
"sp|P55265|DSRAD_HUMAN;"	"HUMAN"	898.666666666667	889.333333333333	883.5	782.333333333333	753.5	974.333333333333
"sp|P62753|RS6_HUMAN;"	"HUMAN"	12039.6666666667	12381	11329.3333333333	9896.33333333333	11239	10179.6666666667
"sp|P0C8J6|GATY_ECOLI;"	"ECOLI"	4687.5	5014	3685	17165.6666666667	18438	16071.5
"sp|Q5JNZ5|RS26L_HUMAN;"	"HUMAN"	5236	3041.5	5395	4517	1862.5	4646
"sp|P0AG86|SECB_ECOLI;"	"ECOLI"	1422	1691	1388	3271.66666666667	3199.66666666667	3027.66666666667
"sp|P0ACE7|HINT_ECOLI;"	"ECOLI"	NA	NA	NA	258	143	354.333333333333
"sp|P42785|PCP_HUMAN;"	"HUMAN"	1427	1374	868.5	624.666666666667	657.666666666667	804.5
"sp|Q13263|TIF1B_HUMAN;"	"HUMAN"	3684	4035	4538.66666666667	5273.66666666667	3916.33333333333	3353.5
"tr|C8ZA85|C8ZA85_YEAS8;"	"YEAST"	1322.5	1580	1636	479	1117	537
"sp|O75131|CPNE3_HUMAN;"	"HUMAN"	4423	2450.5	2310	3849	4173	4169
"sp|Q99829|CPNE1_HUMAN;"	"HUMAN"	2090	1886	2060	2328.5	1238	2121.33333333333
"sp|P63104|1433Z_HUMAN;"	"HUMAN"	10140.5	11451.3333333333	10832.3333333333	11359	11552.3333333333	11515.6666666667
"sp|O75694|NU155_HUMAN;"	"HUMAN"	808.666666666667	758.666666666667	871.666666666667	814.666666666667	885.333333333333	697
"tr|C8ZAJ3|C8ZAJ3_YEAS8;"	"YEAST"	2403	1857.33333333333	1696	1401	854	858
"sp|Q99873|ANM1_HUMAN;"	"HUMAN"	962	1155	1489	1300.5	1480	1364
"sp|P12268|IMDH2_HUMAN;"	"HUMAN"	3297.33333333333	3062	2867.66666666667	2308	3212	3193.66666666667
"sp|P00338|LDHA_HUMAN;"	"HUMAN"	38100	39095	36812.3333333333	34109.6666666667	37206.3333333333	34776
"sp|P61978|HNRPK_HUMAN;"	"HUMAN"	19118	18829.3333333333	20882.3333333333	20122.6666666667	19364.6666666667	21209.3333333333
"tr|C8Z4K3|C8Z4K3_YEAS8;"	"YEAST"	2989.33333333333	2787	2461.33333333333	1647.33333333333	1659.33333333333	1780.33333333333
"sp|P40925|MDHC_HUMAN;"	"HUMAN"	5411.66666666667	5433.33333333333	5544	4063	5465.66666666667	4953.33333333333
"sp|Q14498|RBM39_HUMAN;"	"HUMAN"	1766.33333333333	1893	1853	2002	2050.66666666667	1726.5
"sp|P55060|XPO2_HUMAN;"	"HUMAN"	1869.33333333333	1837	1822.66666666667	1779	1839.66666666667	1656.66666666667
"tr|C8Z3V2|C8Z3V2_YEAS8;"	"YEAST"	11316	11930.3333333333	11541.6666666667	6919.66666666667	7688	7953
"sp|P12277|KCRB_HUMAN;"	"HUMAN"	4567	4489.66666666667	5033.66666666667	4523.33333333333	5038	4470
"sp|O60506|HNRPQ_HUMAN;"	"HUMAN"	3676.5	4461.33333333333	3564.33333333333	3893.66666666667	4004.33333333333	3907.66666666667
"sp|P51858|HDGF_HUMAN;"	"HUMAN"	2673.5	2651.5	2809	3011.33333333333	3391.66666666667	3160
"tr|C8Z454|C8Z454_YEAS8;"	"YEAST"	2534	2392.33333333333	7152	3847	4463	NA
"sp|Q58FG1|HS904_HUMAN;"	"HUMAN"	2233.5	3495	3703.5	3945	3418.5	NA
"sp|P13693|TCTP_HUMAN;"	"HUMAN"	2116.33333333333	2096.33333333333	2201.66666666667	2330.66666666667	2160.33333333333	2296.33333333333
"sp|O00571|DDX3X_HUMAN;"	"HUMAN"	3918.33333333333	4083.33333333333	3628	3654	3955	3953.66666666667
"sp|Q1KMD3|HNRL2_HUMAN;"	"HUMAN"	2014	2191.66666666667	2115.66666666667	2156	1851	2035
"sp|P61160|ARP2_HUMAN;"	"HUMAN"	977	1140.5	NA	516.5	906.666666666667	579.5
"sp|P00492|HPRT_HUMAN;"	"HUMAN"	3195.5	3653	2999	3580	3640	3575.33333333333
"sp|P06720|AGAL_ECOLI;"	"ECOLI"	1939	1052	2430.5	5977.33333333333	6156.66666666667	5896
"tr|C8ZGU7|C8ZGU7_YEAS8;"	"YEAST"	1130	1105	974	17909.3333333333	18011.6666666667	6356.33333333333
"sp|P55795|HNRH2_HUMAN;sp|P31943|HNRH1_HUMAN;"	"HUMAN"	6923.33333333333	7208	5065.66666666667	6665	6763.33333333333	6055.66666666667
"sp|P0A862|TPX_ECOLI;"	"ECOLI"	2501	2270	2186	6955	7672	7141.66666666667
"tr|C8Z862|C8Z862_YEAS8;"	"YEAST"	3239.5	3433.5	3031	1777	1979.5	1665
"sp|P39687|AN32A_HUMAN;"	"HUMAN"	3360.33333333333	3399	3552.33333333333	3181	3160.33333333333	3190.66666666667
"tr|C8Z3H3|C8Z3H3_YEAS8;tr|C8ZCU8|C8ZCU8_YEAS8;"	"YEAST"	22147.6666666667	23692.3333333333	23891.6666666667	13959.6666666667	14639.3333333333	13601.6666666667
"sp|Q9BTT0|AN32E_HUMAN;"	"HUMAN"	3453	2142.5	2935.5	3495.5	2361	937
"sp|P52597|HNRPF_HUMAN;"	"HUMAN"	2549	2639	3641	2275.33333333333	3579	2836.5
"sp|P77395|YBBN_ECOLI;"	"ECOLI"	NA	NA	225	735.666666666667	673	476
"sp|O14979|HNRDL_HUMAN;"	"HUMAN"	3297	2991	2145.5	2562.66666666667	2697	3028.66666666667
"sp|O94776|MTA2_HUMAN;"	"HUMAN"	1108	878	1018	915	512	855.5
"sp|P68032|ACTC_HUMAN;"	"HUMAN"	3086	2781	2856	2353.66666666667	1996.33333333333	3024.5
"sp|Q562R1|ACTBL_HUMAN;"	"HUMAN"	6864	7258	15101.5	7260	3428.5	6116
"sp|P63261|ACTG_HUMAN;sp|P60709|ACTB_HUMAN;"	"HUMAN"	49505.3333333333	55277	54096.5	45817	47446	48566.3333333333
"sp|P0ABD3|BFR_ECOLI;"	"ECOLI"	4540.5	3920.5	4766.5	14979.6666666667	13928.3333333333	14481.6666666667
"tr|C8Z6K4|C8Z6K4_YEAS8;"	"YEAST"	1747.66666666667	2068.5	1568	514	687.5	1364
"sp|Q92841|DDX17_HUMAN;"	"HUMAN"	3411.33333333333	3458	3032	3234	3657.5	3408.5
"sp|Q9Y266|NUDC_HUMAN;"	"HUMAN"	1946	1973.66666666667	1848.33333333333	2358.66666666667	2481.33333333333	2287.33333333333
"sp|P0A9Q1|ARCA_ECOLI;"	"ECOLI"	NA	NA	NA	NA	NA	1448.5
"sp|P0ADA5|YAJG_ECOLI;"	"ECOLI"	632.5	724	511	2139	2208	1571
"sp|P30153|2AAA_HUMAN;"	"HUMAN"	2970	3521.66666666667	3493.5	3206.66666666667	3267.33333333333	3293
"sp|P05556|ITB1_HUMAN;"	"HUMAN"	4031	3902.66666666667	4338	4016.5	3729.33333333333	3888
"sp|Q12907|LMAN2_HUMAN;"	"HUMAN"	1824.33333333333	1897.33333333333	1381.66666666667	1990.66666666667	1297	2074.33333333333
"sp|P08621|RU17_HUMAN;"	"HUMAN"	2727.66666666667	2695.33333333333	2956.66666666667	2643	2878	2702
"sp|Q16401|PSMD5_HUMAN;"	"HUMAN"	1481	1890.33333333333	1920.33333333333	1758	1720.66666666667	2417
"sp|Q9UBE0|SAE1_HUMAN;"	"HUMAN"	1503	1539.5	1449.5	1050	1249	1157
"sp|P06744|G6PI_HUMAN;"	"HUMAN"	10083.3333333333	9625.66666666667	10072.6666666667	11235.3333333333	11275.6666666667	10691.6666666667
"sp|P04825|AMPN_ECOLI;"	"ECOLI"	2409	1501.5	NA	1956.66666666667	2397.66666666667	2198.66666666667
"sp|P61163|ACTZ_HUMAN;"	"HUMAN"	1028	996	1507	915	934	1124
"tr|C8Z605|C8Z605_YEAS8;"	"YEAST"	15968.3333333333	15858.3333333333	14398	8061.66666666667	8983	8721.33333333333
"tr|C8Z975|C8Z975_YEAS8;"	"YEAST"	37402.3333333333	40709	40149.6666666667	26320.5	23268	21155.3333333333
"sp|Q96RS6|NUDC1_HUMAN;"	"HUMAN"	929	871	742	773	951	977
"sp|O60832|DKC1_HUMAN;"	"HUMAN"	1380.5	1990	1860	1767.33333333333	2521	1304
"sp|P50402|EMD_HUMAN;"	"HUMAN"	1327	1335.66666666667	1494.33333333333	1328.33333333333	1357	1406.66666666667
"tr|C8ZH20|C8ZH20_YEAS8;"	"YEAST"	1597	1677	610	NA	NA	NA
"tr|C8Z8A2|C8Z8A2_YEAS8;"	"YEAST"	944	943	1391.5	615.5	678	532
"sp|P0ACA3|SSPA_ECOLI;"	"ECOLI"	NA	297	459	1482.5	1532	1525
"tr|C8Z573|C8Z573_YEAS8;"	"YEAST"	2387	2374.66666666667	2099	1382.66666666667	1658.5	1529.5
"sp|P62277|RS13_HUMAN;"	"HUMAN"	9420	11244	8643.33333333333	8544	12114	12161.5
"sp|P0ABH7|CISY_ECOLI;"	"ECOLI"	2565.33333333333	1166.5	1858	5638.66666666667	5112.33333333333	5287.66666666667
"sp|P0AGE9|SUCD_ECOLI;"	"ECOLI"	1750	2084	1654	3616	4238	4185
"tr|C8ZA04|C8ZA04_YEAS8;"	"YEAST"	16870.6666666667	15668.6666666667	18091.3333333333	9345.66666666667	10579	8661.66666666667
"sp|Q07666|KHDR1_HUMAN;"	"HUMAN"	1028.66666666667	1058.33333333333	1029.33333333333	883.5	930.333333333333	955
"sp|P43246|MSH2_HUMAN;"	"HUMAN"	NA	1118	967	NA	893	881
"sp|P07737|PROF1_HUMAN;"	"HUMAN"	15007.3333333333	15881.6666666667	16464.3333333333	16735.3333333333	18179.6666666667	18302.6666666667
"sp|P0A8N5|SYK2_ECOLI;"	"ECOLI"	2049	3947.5	NA	9585.5	9710.66666666667	9556.66666666667
"sp|P83881|RL36A_HUMAN;"	"HUMAN"	2734	4484.5	4267	4002	3804	7814
"tr|C8ZAG7|C8ZAG7_YEAS8;"	"YEAST"	2273	2129	2198	1053.5	1233	1453
"sp|Q14847|LASP1_HUMAN;"	"HUMAN"	1106	1231.5	1651	6180.5	1251.5	1124.5
"tr|C8ZF50|C8ZF50_YEAS8;tr|C8ZID9|C8ZID9_YEAS8;"	"YEAST"	22402	23995.3333333333	25123.6666666667	14326.6666666667	15067.6666666667	14594.3333333333
"tr|C8Z404|C8Z404_YEAS8;"	"YEAST"	1265.5	1238	1127	291.5	594.5	717.5
"sp|P62158|CALM_HUMAN;"	"HUMAN"	6104	8256	5323	5446	8889.33333333333	8811.66666666667
"sp|Q2TAY7|SMU1_HUMAN;"	"HUMAN"	1112.5	1207.5	1103	2146	2046	2020
"sp|P61019|RAB2A_HUMAN;"	"HUMAN"	1693	1667.66666666667	1606	1743.33333333333	1819.66666666667	1975
"tr|C8Z7Y9|C8Z7Y9_YEAS8;"	"YEAST"	5102	4767.66666666667	4888.66666666667	2472.5	1545	807
"sp|O00429|DNM1L_HUMAN;"	"HUMAN"	468	475.5	538.5	387.333333333333	389	362.666666666667
"sp|Q9NTJ3|SMC4_HUMAN;"	"HUMAN"	837	1103	1172	1005	941	818
"sp|P50454|SERPH_HUMAN;"	"HUMAN"	6477.66666666667	6462	3597.5	5121	6618.66666666667	4117.33333333333
"sp|Q10713|MPPA_HUMAN;"	"HUMAN"	564	418	395	382	588	299
"sp|O60664|PLIN3_HUMAN;"	"HUMAN"	2027.33333333333	1852.33333333333	2041.66666666667	1727.33333333333	1851.66666666667	1444.5
"sp|P23193|TCEA1_HUMAN;"	"HUMAN"	2054.5	2043.66666666667	1897.33333333333	1689.66666666667	2044	1920
"tr|C8ZHJ5|C8ZHJ5_YEAS8;"	"YEAST"	12117	12124.3333333333	13140.6666666667	5859	7061	6787
"sp|P17169|GLMS_ECOLI;"	"ECOLI"	1263	1767	1676	3050.66666666667	4094	2650.5
"sp|P0A7M9|RL31_ECOLI;"	"ECOLI"	1801	965.5	1409	3444.33333333333	4021	3990.66666666667
"tr|C8Z4P8|C8Z4P8_YEAS8;"	"YEAST"	6208	6130	6791	3827	3862.33333333333	3473
"sp|P38919|IF4A3_HUMAN;"	"HUMAN"	2392	2449	2742.66666666667	2593.66666666667	2786.66666666667	2827.66666666667
"sp|P0AEW9|K1PF_ECOLI;"	"ECOLI"	NA	1879	NA	3769.33333333333	2590.66666666667	3698
"sp|P25398|RS12_HUMAN;"	"HUMAN"	5498	6739.66666666667	7250.66666666667	5367	6330.66666666667	6460
"sp|P62280|RS11_HUMAN;"	"HUMAN"	8752.33333333333	9327	8339.66666666667	8409.33333333333	9454.66666666667	8825
"sp|Q16543|CDC37_HUMAN;"	"HUMAN"	1622.5	2263	1167	2029.5	1952	2122
"tr|C8ZI57|C8ZI57_YEAS8;tr|C8ZGD5|C8ZGD5_YEAS8;"	"YEAST"	10349.3333333333	11449	11198.6666666667	5443	6020.5	5459
"tr|C8ZGV7|C8ZGV7_YEAS8;"	"YEAST"	1628.33333333333	2291	1880	1174.5	1180	NA
"sp|P31930|QCR1_HUMAN;"	"HUMAN"	2028	1876.33333333333	2218	2192.5	2397.5	2027.5
"tr|C8ZD46|C8ZD46_YEAS8;"	"YEAST"	12212	13226.6666666667	16461.5	6908	7225.33333333333	7318.33333333333
"sp|P0A9M0|LON_ECOLI;"	"ECOLI"	528	639	NA	2153.5	2067.66666666667	3149
"sp|P08574|CY1_HUMAN;"	"HUMAN"	5708	5207	5792.66666666667	5900.5	6034.66666666667	6139.33333333333
"sp|P09651|ROA1_HUMAN;"	"HUMAN"	10555	12259	12786	13599	13888.3333333333	14935.5
"tr|C8Z9E8|C8Z9E8_YEAS8;"	"YEAST"	3033.66666666667	3472.33333333333	4033.66666666667	5180	5437	2796
"tr|C8ZEH6|C8ZEH6_YEAS8;"	"YEAST"	29846.3333333333	30816.3333333333	34528.3333333333	18967.6666666667	20458	18434.6666666667
"sp|Q13162|PRDX4_HUMAN;"	"HUMAN"	5364.66666666667	5319.33333333333	5508.66666666667	5103	5604.66666666667	5891.66666666667
"tr|C8ZD16|C8ZD16_YEAS8;tr|C8ZDA3|C8ZDA3_YEAS8;"	"YEAST"	37398.3333333333	40498.3333333333	41008.6666666667	21298.3333333333	23540.6666666667	22478.3333333333
"sp|P47756|CAPZB_HUMAN;"	"HUMAN"	2869	3040	2846.33333333333	3210.66666666667	3320	3176
"tr|C8Z9Y9|C8Z9Y9_YEAS8;"	"YEAST"	1969	1457	1691	781	431	1093
"sp|P0AC02|BAMD_ECOLI;"	"ECOLI"	NA	92	NA	256	458	379
"sp|P26599|PTBP1_HUMAN;"	"HUMAN"	4122.33333333333	2747	4430	4005.66666666667	3921.33333333333	4110.66666666667
"sp|P20042|IF2B_HUMAN;"	"HUMAN"	1278.66666666667	1887	1536.66666666667	1318	1901.33333333333	1910.33333333333
"sp|P62633|CNBP_HUMAN;"	"HUMAN"	1613.33333333333	1640.33333333333	1471.33333333333	1506.66666666667	1571.33333333333	1705.66666666667
"sp|P63010|AP2B1_HUMAN;sp|Q10567|AP1B1_HUMAN;"	"HUMAN"	942	1183.5	1099	767	1097	985
"sp|P60174|TPIS_HUMAN;"	"HUMAN"	18835.6666666667	20519	19573	19274	19102.3333333333	19336
"sp|P15559|NQO1_HUMAN;"	"HUMAN"	5978	4927.5	3383	6038.66666666667	3030	5671
"tr|C8Z738|C8Z738_YEAS8;"	"YEAST"	2331.5	2218	3064.5	3263.5	4919	3860
"tr|C8ZIU0|C8ZIU0_YEAS8;"	"YEAST"	12204	12776	15202.6666666667	7082.66666666667	6775	6770
"sp|P68104|EF1A1_HUMAN;sp|Q05639|EF1A2_HUMAN;"	"HUMAN"	27066	29984.3333333333	29330	30606	32411.6666666667	29502
"sp|Q16881|TRXR1_HUMAN;"	"HUMAN"	5116	5047.66666666667	5152.5	4987	4927.33333333333	4815
"sp|P49321|NASP_HUMAN;"	"HUMAN"	3182	4011	3288.33333333333	3456.33333333333	3782	3616.33333333333
"sp|P15288|PEPD_ECOLI;"	"ECOLI"	1251	1159	1071.5	4094	3828.33333333333	3710.66666666667
"sp|O75534|CSDE1_HUMAN;"	"HUMAN"	1891	693	3464	2258	2261.5	2339
"sp|P60660|MYL6_HUMAN;"	"HUMAN"	5655	5393	6286.33333333333	5854.66666666667	5750.33333333333	4772.33333333333
"sp|Q14315|FLNC_HUMAN;sp|O75369|FLNB_HUMAN;"	"HUMAN"	909	937.5	828.5	783.5	1082	971
"sp|Q13283|G3BP1_HUMAN;"	"HUMAN"	2810.5	2996.5	3000	2969.66666666667	2738.33333333333	2789
"sp|Q9UII2|ATIF1_HUMAN;"	"HUMAN"	1345	1652	2168.5	2421.5	2444	1621.5
"sp|Q8NC51|PAIRB_HUMAN;"	"HUMAN"	3435.66666666667	3457	4120	3899.33333333333	3729	3652.33333333333
"sp|P0A915|OMPW_ECOLI;"	"ECOLI"	1126	NA	1512.5	2750.66666666667	3029.33333333333	3217.33333333333
"tr|C8ZJ57|C8ZJ57_YEAS8;"	"YEAST"	1714.66666666667	1475.66666666667	1448	742	855.666666666667	819.333333333333
"sp|P33570|TKT2_ECOLI;"	"ECOLI"	1413	1004	1215	2868	2488.66666666667	3131.5
"tr|C8ZCG7|C8ZCG7_YEAS8;"	"YEAST"	1220.33333333333	1317	783	NA	613	NA
"sp|Q9P0L0|VAPA_HUMAN;"	"HUMAN"	1569	1565.33333333333	1831	1553.33333333333	1584	1542.66666666667
"sp|O94979|SC31A_HUMAN;"	"HUMAN"	1171	1144.5	1125	1016	1112	1005
"sp|O14745|NHRF1_HUMAN;"	"HUMAN"	2474.66666666667	2636	2296.66666666667	2592.33333333333	2877	2703.33333333333
"sp|P0A707|IF3_ECOLI;"	"ECOLI"	1810	2089	1705	3472	4128	3832
"sp|O75477|ERLN1_HUMAN;"	"HUMAN"	1312	1281	485	1309	2046	1305
"sp|Q15056|IF4H_HUMAN;"	"HUMAN"	1636.33333333333	1592	1558.66666666667	1781	1628.66666666667	1572
"sp|Q96P70|IPO9_HUMAN;"	"HUMAN"	2297.5	2347	2347	2213	2098	2146
"sp|P0A825|GLYA_ECOLI;"	"ECOLI"	644	1496	892	3491	3504.33333333333	3385.66666666667
"sp|O43143|DHX15_HUMAN;"	"HUMAN"	2978.33333333333	2556.66666666667	3005.5	2632	2436.33333333333	2230.33333333333
"sp|O00567|NOP56_HUMAN;"	"HUMAN"	1404	1450	1291.66666666667	1414	1419.66666666667	1430.33333333333
"sp|P09622|DLDH_HUMAN;"	"HUMAN"	2284	2417.33333333333	1817	2051.33333333333	1470.5	2009.33333333333
"tr|C8Z7R5|C8Z7R5_YEAS8;"	"YEAST"	1933.66666666667	2075.5	2305.66666666667	782.5	1378.66666666667	577
"sp|P18124|RL7_HUMAN;"	"HUMAN"	15228.3333333333	16271.6666666667	19089	14500.6666666667	15884.6666666667	14570
"tr|C8ZDC1|C8ZDC1_YEAS8;"	"YEAST"	4524.33333333333	4261.33333333333	4237.66666666667	2213.66666666667	2527	3092.5
"sp|P11047|LAMC1_HUMAN;"	"HUMAN"	344	529.5	231	244.333333333333	505	318.5
"tr|C8ZGG5|C8ZGG5_YEAS8;"	"YEAST"	3189.66666666667	7517	3461.33333333333	1656.33333333333	2096.5	3587
"sp|P0AC59|GLRX2_ECOLI;"	"ECOLI"	3871	4787.66666666667	2680.5	11908.6666666667	12752	12422
"sp|P52907|CAZA1_HUMAN;"	"HUMAN"	7163.66666666667	6837.66666666667	2218	6908.66666666667	6555	6847.66666666667
"sp|Q04637|IF4G1_HUMAN;"	"HUMAN"	1044.66666666667	1105.33333333333	1179.33333333333	1006.66666666667	1035.33333333333	1046.33333333333
"tr|C8Z9K2|C8Z9K2_YEAS8;"	"YEAST"	3383.33333333333	3681	3297.66666666667	2237.5	1996	1832
"sp|P0A9D8|DAPD_ECOLI;"	"ECOLI"	1986	1764	1771.66666666667	4791	4890.66666666667	4768
"sp|P54886|P5CS_HUMAN;"	"HUMAN"	2254.66666666667	2188	2154.66666666667	2202.66666666667	2103.66666666667	2504
"sp|P24752|THIL_HUMAN;"	"HUMAN"	3707.33333333333	3241.66666666667	3053.5	3385	3406.66666666667	3439.66666666667
"sp|P27797|CALR_HUMAN;"	"HUMAN"	8428.33333333333	8549.33333333333	10253.3333333333	8786	9230.66666666667	8967.33333333333
"sp|Q13151|ROA0_HUMAN;"	"HUMAN"	2498.33333333333	2004	1712	2475.66666666667	2717.66666666667	1672.66666666667
"tr|C8Z799|C8Z799_YEAS8;"	"YEAST"	886	1036.5	NA	556	718	624
"sp|P63241|IF5A1_HUMAN;"	"HUMAN"	18560.3333333333	19156.3333333333	19626.3333333333	20824.6666666667	21928.6666666667	21045.3333333333
"sp|Q58FF6|H90B4_HUMAN;sp|P08238|HS90B_HUMAN;sp|Q58FF7|H90B3_HUMAN;sp|P07900|HS90A_HUMAN;"	"HUMAN"	4161.5	4277	4642.5	3938	4258	3641.5
"sp|P51991|ROA3_HUMAN;"	"HUMAN"	3063	3906.66666666667	2347	3257.33333333333	3582	3944.33333333333
"tr|C8Z516|C8Z516_YEAS8;tr|C8Z7K1|C8Z7K1_YEAS8;"	"YEAST"	8891.33333333333	8134	9825.66666666667	5226.5	6225.33333333333	6453
"tr|C8Z8X9|C8Z8X9_YEAS8;"	"YEAST"	5624.33333333333	5807.33333333333	6396	3534	3802.5	3802
"sp|P15328|FOLR1_HUMAN;"	"HUMAN"	11104.6666666667	10888.6666666667	13062.3333333333	11346	11478	11303
"tr|C8Z4S1|C8Z4S1_YEAS8;"	"YEAST"	2359	2399	2637	1359	1797.33333333333	1662.66666666667
"sp|P0ACF8|HNS_ECOLI;"	"ECOLI"	2801.66666666667	3649	3063	9445.33333333333	9592.66666666667	9243.33333333333
"sp|Q9Y3U8|RL36_HUMAN;"	"HUMAN"	5550.5	5923	6064	5411.33333333333	5239.66666666667	6035
"sp|P67936|TPM4_HUMAN;"	"HUMAN"	4115	4077.5	4204.5	3666	9436	5807.66666666667
"sp|P52895|AK1C2_HUMAN;"	"HUMAN"	3832.66666666667	3650.66666666667	3577.33333333333	3159	4590	4324.5
"sp|P22626|ROA2_HUMAN;"	"HUMAN"	17020.3333333333	17433.3333333333	15195.6666666667	16414	16027.6666666667	16910
"sp|Q9H0U4|RAB1B_HUMAN;sp|P62820|RAB1A_HUMAN;"	"HUMAN"	1993.5	2072.5	1872.5	1689	2147.5	2111.5
"sp|P0A8L1|SYS_ECOLI;"	"ECOLI"	NA	286	NA	2010.33333333333	2004.33333333333	2090.33333333333
"tr|C8Z727|C8Z727_YEAS8;"	"YEAST"	3049	2792	2932.66666666667	1347.5	2101	1266
"sp|Q9NQG5|RPR1B_HUMAN;"	"HUMAN"	1079	1108	1098	709.5	819.5	1147
"tr|C8Z5U5|C8Z5U5_YEAS8;"	"YEAST"	4182.5	4540	3763	2103.5	2484	2236.5
"sp|Q01105|SET_HUMAN;"	"HUMAN"	6666.33333333333	7295	8411.66666666667	6841.66666666667	8083.66666666667	7134
"sp|O43390|HNRPR_HUMAN;"	"HUMAN"	5639.66666666667	5449.66666666667	5294.33333333333	5373.33333333333	4274	4735.33333333333
"sp|P48507|GSH0_HUMAN;"	"HUMAN"	1111	1391.33333333333	1299.66666666667	1272.33333333333	1321.66666666667	1295.66666666667
"sp|Q13310|PABP4_HUMAN;"	"HUMAN"	2135.66666666667	2375	2577.33333333333	2114.33333333333	2288	2955.5
"sp|P11940|PABP1_HUMAN;"	"HUMAN"	6043.33333333333	6124	6563	6448	6836	5051.33333333333
"sp|P0ADE8|YGFZ_ECOLI;"	"ECOLI"	1545	1169	1323	2481.5	3096.5	3296
"sp|P32322|P5CR1_HUMAN;"	"HUMAN"	1731.66666666667	1963.33333333333	1257.5	2132.33333333333	2336	2168.33333333333
"sp|P06703|S10A6_HUMAN;"	"HUMAN"	23249.3333333333	24473.6666666667	24864.3333333333	24148.3333333333	25106.3333333333	25603.6666666667
"sp|P62857|RS28_HUMAN;"	"HUMAN"	4523	4778	3172	4221.5	4602.5	3879.5
"sp|Q8N1G4|LRC47_HUMAN;"	"HUMAN"	1576	1481.66666666667	1545	1671.66666666667	1470	1544.66666666667
"sp|P60651|SPEB_ECOLI;"	"ECOLI"	NA	NA	NA	839.5	1314	839.5
"sp|O43707|ACTN4_HUMAN;sp|P35609|ACTN2_HUMAN;sp|P12814|ACTN1_HUMAN;"	"HUMAN"	4897.66666666667	4562.66666666667	5497.33333333333	5356.66666666667	5024.5	4747
"sp|P05204|HMGN2_HUMAN;"	"HUMAN"	853	729.5	681.5	829	797.5	802.5
"sp|Q99497|PARK7_HUMAN;"	"HUMAN"	5564	6417.5	6427.66666666667	5385.66666666667	5070.66666666667	5289
"sp|P11177|ODPB_HUMAN;"	"HUMAN"	2472	2427.33333333333	2333.33333333333	2177	2626	2664.66666666667
"tr|C8ZJA5|C8ZJA5_YEAS8;"	"YEAST"	48604.3333333333	52711	56423.6666666667	30080	30626.6666666667	30761.3333333333
"tr|C8ZC93|C8ZC93_YEAS8;"	"YEAST"	968.5	671.333333333333	916.5	455	979	NA
"sp|P11586|C1TC_HUMAN;"	"HUMAN"	4797.66666666667	4463	3966	5040.33333333333	4900	4943.66666666667
"sp|P64581|YQJD_ECOLI;"	"ECOLI"	4347	4340	6619	8614.33333333333	9780.33333333333	8218.66666666667
"tr|C8ZEA4|C8ZEA4_YEAS8;"	"YEAST"	580	536.5	452	305	296	316
"sp|P11142|HSP7C_HUMAN;"	"HUMAN"	15601.6666666667	14354	15638	13553.6666666667	15723	14759.3333333333
"sp|P68431|H31_HUMAN;"	"HUMAN"	75185	74718	75374.3333333333	77608.6666666667	80583	82457.3333333333
"tr|C8Z953|C8Z953_YEAS8;"	"YEAST"	1939.5	2147	1383	610	NA	594
"tr|C8ZGD5|C8ZGD5_YEAS8;"	"YEAST"	3259	2728.66666666667	3015	2105.5	1940.5	2011.5
"sp|Q15843|NEDD8_HUMAN;"	"HUMAN"	797	930	1332	1073	994	756
"sp|P35527|K1C9_HUMAN;"	"HUMAN"	1583.33333333333	1592.66666666667	1892	1112.33333333333	1104.33333333333	1255.33333333333
"sp|Q9NR31|SAR1A_HUMAN;"	"HUMAN"	1021.5	926.5	NA	1284	1322.5	833
"sp|Q58FF8|H90B2_HUMAN;"	"HUMAN"	19024	17163	18231	12344	NA	15851
"sp|P30050|RL12_HUMAN;"	"HUMAN"	9503	9960.66666666667	8788.66666666667	8940.33333333333	9313	9003.66666666667
"sp|O76021|RL1D1_HUMAN;"	"HUMAN"	3105.33333333333	3025.33333333333	3568.33333333333	3056.33333333333	3386	2984.66666666667
"tr|C8ZCA5|C8ZCA5_YEAS8;"	"YEAST"	1699.66666666667	1906.66666666667	1815.33333333333	970.666666666667	1485	1086.33333333333
"sp|Q9NYU2|UGGG1_HUMAN;"	"HUMAN"	705.333333333333	679	820	714	747.666666666667	793.666666666667
"sp|P63261|ACTG_HUMAN;sp|P68032|ACTC_HUMAN;sp|P60709|ACTB_HUMAN;"	"HUMAN"	3201	62050.5	52541	59643.5	57121.5	56522.5
"tr|C8ZDT6|C8ZDT6_YEAS8;"	"YEAST"	4129.5	4174	4632	806	2574.5	2429.5
"sp|P0ACF4|DBHB_ECOLI;"	"ECOLI"	4431.5	6044	7185	16712	17315.5	18049.5
"tr|C8ZFL9|C8ZFL9_YEAS8;"	"YEAST"	1700.66666666667	1731	1674.66666666667	1645	1133	1208.5
"sp|P04899|GNAI2_HUMAN;"	"HUMAN"	577	1387.33333333333	1340.33333333333	1269.33333333333	1491.66666666667	650.5
"sp|P08174|DAF_HUMAN;"	"HUMAN"	6313	5820.66666666667	6616.66666666667	6735	6759.66666666667	6849.66666666667
"sp|Q15046|SYK_HUMAN;"	"HUMAN"	1641.33333333333	1808.66666666667	1942	1851.33333333333	1205.33333333333	1571
"sp|P51648|AL3A2_HUMAN;"	"HUMAN"	2125.33333333333	2020	2121.33333333333	1654.5	1667	2004.33333333333
"tr|C8ZD80|C8ZD80_YEAS8;"	"YEAST"	12948.3333333333	13008	13954	5075.5	7432	7535.33333333333
"sp|P09429|HMGB1_HUMAN;"	"HUMAN"	6321	6953.66666666667	4504	5438	6557	6216.33333333333
"sp|P0A7M6|RL29_ECOLI;"	"ECOLI"	2462.5	2679	1803	5261.66666666667	5812	5942.33333333333
"tr|C8ZA51|C8ZA51_YEAS8;"	"YEAST"	10368.3333333333	8667.66666666667	10555.6666666667	5937.66666666667	6101	6098.66666666667
"sp|Q9UBT2|SAE2_HUMAN;"	"HUMAN"	1833.33333333333	3208	3692	3350	3688	1785.5
"sp|Q92499|DDX1_HUMAN;"	"HUMAN"	1700.33333333333	1146.5	1490	1449	1323.5	1497
"sp|Q9Y678|COPG1_HUMAN;"	"HUMAN"	269	1461	223.5	974.333333333333	343	1276
"sp|P17844|DDX5_HUMAN;"	"HUMAN"	4928.33333333333	4338.66666666667	5005.33333333333	5042.33333333333	5059.33333333333	4810.33333333333
"tr|D3UEW6|D3UEW6_YEAS8;"	"YEAST"	2999.5	1679.5	2574	2161	2129.5	2056
"sp|P62241|RS8_HUMAN;"	"HUMAN"	10557.6666666667	10656	11664.6666666667	10976	9679.66666666667	10481
"sp|P62910|RL32_HUMAN;"	"HUMAN"	4134	4374.33333333333	4493	4176	4393.33333333333	4300.66666666667
"tr|C8Z777|C8Z777_YEAS8;"	"YEAST"	1133.66666666667	1042.33333333333	1065	1038	576.5	757
"sp|P62195|PRS8_HUMAN;"	"HUMAN"	3089.5	3056	935	2612.33333333333	2423.33333333333	2331.66666666667
"sp|P06715|GSHR_ECOLI;"	"ECOLI"	NA	NA	NA	1018	1031	924.5
"tr|C8ZEJ9|C8ZEJ9_YEAS8;"	"YEAST"	3630	3506.33333333333	3488.66666666667	2273.33333333333	1802.5	1887.33333333333
"sp|P11388|TOP2A_HUMAN;"	"HUMAN"	3103.33333333333	3042.33333333333	3612.5	3116.33333333333	2829.33333333333	3209.66666666667
"sp|Q14568|HS902_HUMAN;sp|P07900|HS90A_HUMAN;"	"HUMAN"	5204.5	5707.5	6878	NA	6977	5594
"sp|P67910|HLDD_ECOLI;"	"ECOLI"	1117.5	1063	1697	2944.33333333333	2921.66666666667	3079.33333333333
"tr|C8ZGP8|C8ZGP8_YEAS8;"	"YEAST"	2059	1984	NA	NA	NA	3501
"sp|P62707|GPMA_ECOLI;"	"ECOLI"	2142	1290	1973	4629	4787	3414.5
"tr|C8ZC33|C8ZC33_YEAS8;"	"YEAST"	1901.5	1989.5	1453	948	795	NA
"sp|P13489|RINI_HUMAN;"	"HUMAN"	1453.33333333333	1612	1468	1361	1462.33333333333	1408.66666666667
"sp|P0A9Q9|DHAS_ECOLI;"	"ECOLI"	763	946	NA	909.5	1183.33333333333	1170.33333333333
"sp|Q92688|AN32B_HUMAN;"	"HUMAN"	5137.66666666667	5400	4439.5	4979	5468	5499.66666666667
"tr|C8Z4U3|C8Z4U3_YEAS8;"	"YEAST"	1350.33333333333	1276	1173.66666666667	575	677.333333333333	747
"tr|C8ZA09|C8ZA09_YEAS8;"	"YEAST"	2172	1400	2312	1387	1433	1420
"tr|C8ZHI9|C8ZHI9_YEAS8;"	"YEAST"	7224.33333333333	6562.66666666667	7781.66666666667	4197.66666666667	4910.33333333333	4865
"sp|P08243|ASNS_HUMAN;"	"HUMAN"	1678	2205	2300	2545	2897	1637
"sp|P05804|BGLR_ECOLI;"	"ECOLI"	NA	894	760	3273	3116	3410.33333333333
"sp|P30085|KCY_HUMAN;"	"HUMAN"	638	577.5	544	546.5	593	NA
"sp|Q16576|RBBP7_HUMAN;"	"HUMAN"	6443.33333333333	6782.33333333333	5580	7298.33333333333	7252.66666666667	7262
"sp|P08238|HS90B_HUMAN;sp|Q58FF7|H90B3_HUMAN;sp|P07900|HS90A_HUMAN;"	"HUMAN"	15515.5	15474.5	18389.5	12517	11166	12317
"sp|Q9P2J5|SYLC_HUMAN;"	"HUMAN"	2362.5	3023.66666666667	3106	3148	3319.66666666667	3155
"sp|P65292|YGDI_ECOLI;"	"ECOLI"	NA	NA	1793	2138	2033.5	2058
"sp|P0AFW2|RMF_ECOLI;"	"ECOLI"	1435.5	1879	1932	5034	5228	5645.5
"tr|C8ZDM8|C8ZDM8_YEAS8;"	"YEAST"	10593	11165.3333333333	12364.3333333333	6002.66666666667	6376.33333333333	6132
"sp|Q13561|DCTN2_HUMAN;"	"HUMAN"	388	483	502.666666666667	496.333333333333	422.5	496.333333333333
"sp|Q9BVP2|GNL3_HUMAN;"	"HUMAN"	605	975.666666666667	2196	1116.66666666667	1395	1307.5
"sp|O75368|SH3L1_HUMAN;"	"HUMAN"	1497	1498.5	2985	2543	NA	2287
"tr|C8Z5Z3|C8Z5Z3_YEAS8;"	"YEAST"	1409.33333333333	928.5	1848.5	1118.5	469.5	1076
"sp|P14384|CBPM_HUMAN;"	"HUMAN"	752	899.5	786	629	702.5	788
"sp|P35659|DEK_HUMAN;"	"HUMAN"	2869.5	2895.5	2899.5	2678	2906	3560
"sp|P0AD49|RAIA_ECOLI;"	"ECOLI"	184	NA	224	988.333333333333	1474	960
"sp|O15427|MOT4_HUMAN;"	"HUMAN"	2486.66666666667	1073.5	2247.33333333333	2036	2571	2408.66666666667
"tr|C8ZE40|C8ZE40_YEAS8;"	"YEAST"	5697	5876.33333333333	5616	3684.5	3625	3701.5
"sp|P23921|RIR1_HUMAN;"	"HUMAN"	2309	2692.5	2111.66666666667	1021.5	2903.5	1835.66666666667
"sp|P12236|ADT3_HUMAN;sp|P05141|ADT2_HUMAN;"	"HUMAN"	15923.5	19151.3333333333	15835.5	28975	28474	22199.6666666667
"sp|P18621|RL17_HUMAN;"	"HUMAN"	5034.66666666667	4631	4870.66666666667	5003.66666666667	4623.33333333333	4555.33333333333
"tr|C8Z6B2|C8Z6B2_YEAS8;"	"YEAST"	12303.3333333333	11110.3333333333	9725	6628.33333333333	5828.5	5875
"sp|O00625|PIR_HUMAN;"	"HUMAN"	1444	722	1730	1670	1648.5	761
"sp|O00231|PSD11_HUMAN;"	"HUMAN"	1166	791.666666666667	1168.33333333333	1198.33333333333	835	1098.66666666667
"sp|P45973|CBX5_HUMAN;"	"HUMAN"	831.333333333333	800.666666666667	1091	1030	1029.33333333333	410.5
"sp|Q9UKK9|NUDT5_HUMAN;"	"HUMAN"	1887.33333333333	1799.66666666667	1897.33333333333	1442	1767	354
"sp|P54727|RD23B_HUMAN;"	"HUMAN"	1822.33333333333	2704.33333333333	2580.33333333333	2360.66666666667	3457.5	3568.5
"tr|C8ZIP9|C8ZIP9_YEAS8;"	"YEAST"	6223.66666666667	6390.66666666667	5879.33333333333	3484	3278	3515.33333333333
"sp|P07919|QCR6_HUMAN;"	"HUMAN"	2586	2256	1838.5	2489.5	2826	2572.5
"sp|Q14103|HNRPD_HUMAN;"	"HUMAN"	10670.3333333333	10656.3333333333	10867.3333333333	12814.5	10650	13033
"sp|P23528|COF1_HUMAN;sp|Q9Y281|COF2_HUMAN;"	"HUMAN"	7385.33333333333	7857	10585.6666666667	10060.6666666667	10011.6666666667	10222
"tr|C8Z7P4|C8Z7P4_YEAS8;"	"YEAST"	7778.5	2087.5	3279.5	13313	NA	NA
"sp|Q92973|TNPO1_HUMAN;"	"HUMAN"	1145.66666666667	1714	1885.66666666667	1547.33333333333	1324.66666666667	1249
"sp|Q15365|PCBP1_HUMAN;sp|Q15366|PCBP2_HUMAN;"	"HUMAN"	3933	4457	4588	6615	8694	4727.5
"sp|P36542|ATPG_HUMAN;"	"HUMAN"	4549	5374.33333333333	5295.33333333333	4153	6018.33333333333	5314
"tr|C8Z9H5|C8Z9H5_YEAS8;"	"YEAST"	4660	4498.66666666667	4665.33333333333	2895	3136	2601
"sp|P55735|SEC13_HUMAN;"	"HUMAN"	1541.66666666667	2236.5	1454	772.5	736	1651.5
"sp|P30040|ERP29_HUMAN;"	"HUMAN"	4745	4483.33333333333	4658.33333333333	4536.66666666667	4896.66666666667	4610.33333333333
"sp|P0A6Q3|FABA_ECOLI;"	"ECOLI"	256	225	342	2195.66666666667	2241.33333333333	945
"sp|Q15631|TSN_HUMAN;"	"HUMAN"	1398	1123.33333333333	1402	1553	1418	1365
"sp|P40938|RFC3_HUMAN;"	"HUMAN"	NA	629	NA	784	587.5	359
"tr|C8ZBZ5|C8ZBZ5_YEAS8;tr|C8ZB42|C8ZB42_YEAS8;"	"YEAST"	11986	12437.3333333333	17061	8022.33333333333	7564	9025
"sp|O75821|EIF3G_HUMAN;"	"HUMAN"	3201.5	3133.5	1246	2618	3766	2901
"tr|C8Z449|C8Z449_YEAS8;"	"YEAST"	3638.66666666667	4336	4670	1873	1614	1584
"sp|P27298|OPDA_ECOLI;"	"ECOLI"	NA	NA	NA	1109.33333333333	1238.66666666667	1168.66666666667
"sp|P62328|TYB4_HUMAN;"	"HUMAN"	3284.5	3113.5	3146	3271.5	3211.5	3365
"sp|P63313|TYB10_HUMAN;"	"HUMAN"	2693	2612	2219	2475	2469	2678
"sp|P15291|B4GT1_HUMAN;"	"HUMAN"	2717	1656	1639.5	3034	2979	1620
"tr|C8Z985|C8Z985_YEAS8;tr|C8ZBG4|C8ZBG4_YEAS8;"	"YEAST"	14486.6666666667	15700	16722.6666666667	5321	5466.5	8216.33333333333
"sp|P0AC53|G6PD_ECOLI;"	"ECOLI"	NA	NA	NA	1496	1535	1564
"sp|Q9BXP5|SRRT_HUMAN;"	"HUMAN"	737	543.5	1258	777.5	1043	276
"sp|Q13509|TBB3_HUMAN;sp|Q9BUF5|TBB6_HUMAN;"	"HUMAN"	2176	2327	2250	435	2258	1362
"sp|Q13885|TBB2A_HUMAN;sp|P68371|TBB4B_HUMAN;sp|P07437|TBB5_HUMAN;"	"HUMAN"	6154.5	8149.33333333333	8953.5	10267	10720.3333333333	7624
"sp|Q13011|ECH1_HUMAN;"	"HUMAN"	2793	2467.33333333333	2972.66666666667	2781.66666666667	2927.33333333333	2414.66666666667
"sp|P33602|NUOG_ECOLI;"	"ECOLI"	NA	NA	NA	184	454	387
"sp|P61586|RHOA_HUMAN;"	"HUMAN"	3331.33333333333	3445.66666666667	3583.66666666667	3577.33333333333	3641.66666666667	3664
"sp|P38117|ETFB_HUMAN;"	"HUMAN"	2640.33333333333	2624.33333333333	2582	2301	2571.5	2413.33333333333
"sp|Q86UP2|KTN1_HUMAN;"	"HUMAN"	1192	1078.66666666667	1158	1103.66666666667	843.666666666667	1138.33333333333
"sp|Q15459|SF3A1_HUMAN;"	"HUMAN"	911	1496	1704	972.5	1050	1029.5
"sp|Q15758|AAAT_HUMAN;"	"HUMAN"	2664.33333333333	2557	2395.5	2471.66666666667	2537.66666666667	2514.33333333333
"tr|C8ZIL8|C8ZIL8_YEAS8;"	"YEAST"	1792.33333333333	1347	1772.33333333333	1079	1416.5	1366.66666666667
"sp|P21889|SYD_ECOLI;"	"ECOLI"	377	432	470	1666.66666666667	1432.33333333333	1457.66666666667
"sp|P62768|YAEH_ECOLI;"	"ECOLI"	NA	NA	71	1237	1323	1210
"tr|C8ZE49|C8ZE49_YEAS8;"	"YEAST"	5443.66666666667	5189	5205.66666666667	3169	2745	2967.66666666667
"tr|C8ZEE2|C8ZEE2_YEAS8;"	"YEAST"	7080	7856.33333333333	7306	3852.66666666667	3573	3587
"tr|C8ZAY8|C8ZAY8_YEAS8;"	"YEAST"	2077	1875	1333.5	1246	1140	720.5
"sp|P00956|SYI_ECOLI;"	"ECOLI"	NA	285	706	1228	746	1059
"sp|P09148|GAL7_ECOLI;"	"ECOLI"	2968	1954	1698	6395.66666666667	6594.66666666667	5203
"sp|P62899|RL31_HUMAN;"	"HUMAN"	9260	8503	9354.33333333333	7606.33333333333	6558	7675.66666666667
"tr|C8Z4J5|C8Z4J5_YEAS8;"	"YEAST"	9137	9412	10539.3333333333	5405.33333333333	5835.33333333333	5841.66666666667
"sp|Q969X5|ERGI1_HUMAN;"	"HUMAN"	2350	1564	1536	1633	1541	1452
"sp|P04079|GUAA_ECOLI;"	"ECOLI"	NA	NA	NA	1954.33333333333	2123	1737
"sp|P62701|RS4X_HUMAN;"	"HUMAN"	7730.66666666667	7902	8103.66666666667	7954.66666666667	8221.33333333333	7874
"tr|C8Z5E4|C8Z5E4_YEAS8;"	"YEAST"	6701	6313.33333333333	7167.33333333333	3513.66666666667	4250.5	3556.66666666667
"sp|P62979|RS27A_HUMAN;"	"HUMAN"	1867.5	1704.5	2022	1987	1894.5	2023
"tr|C8ZDE0|C8ZDE0_YEAS8;"	"YEAST"	2633	2588.66666666667	2794	1453	1580.33333333333	1872
"sp|Q16836|HCDH_HUMAN;"	"HUMAN"	1146	1186	2241	3514.5	2432	2687
"tr|C8Z9A6|C8Z9A6_YEAS8;"	"YEAST"	43193	40080.3333333333	40024.6666666667	13026	12876	18779.3333333333
"sp|Q46856|YQHD_ECOLI;"	"ECOLI"	NA	133	NA	212.5	247	350
"sp|P00966|ASSY_HUMAN;"	"HUMAN"	986	2296	1236	2089.5	2094.5	2217
"tr|C8ZG96|C8ZG96_YEAS8;"	"YEAST"	656.666666666667	782.666666666667	736	369.333333333333	392.666666666667	387
"sp|P78347|GTF2I_HUMAN;"	"HUMAN"	1619	691	1763	708.333333333333	695.333333333333	1015.5
"tr|C8ZBL3|C8ZBL3_YEAS8;"	"YEAST"	1386	1585	1067	NA	1263	960
"tr|C8ZF90|C8ZF90_YEAS8;"	"YEAST"	1450	1903.66666666667	1669	NA	102	NA
"sp|P0AC69|GLRX4_ECOLI;"	"ECOLI"	1144.5	859	1478	3276	3407	3411.66666666667
"sp|P35998|PRS7_HUMAN;"	"HUMAN"	1192	1499.33333333333	1403.33333333333	1324.33333333333	1365.66666666667	1401.66666666667
"tr|C8ZIM4|C8ZIM4_YEAS8;"	"YEAST"	1821.33333333333	1724	1895	811.5	1113.66666666667	1162.5
"sp|P0ADY3|RL14_ECOLI;"	"ECOLI"	1544	2539	1165	5033.33333333333	3616.5	4237
"sp|P50395|GDIB_HUMAN;sp|P31150|GDIA_HUMAN;"	"HUMAN"	3661.33333333333	2849	3716.66666666667	3105.5	3055	2703
"sp|P35579|MYH9_HUMAN;sp|Q7Z406|MYH14_HUMAN;"	"HUMAN"	3982.33333333333	4384.5	3882	3999	3309.33333333333	3390.66666666667
"sp|P01891|1A68_HUMAN;"	"HUMAN"	2855	3017	2901.33333333333	3006.66666666667	3301.33333333333	2918
"sp|P62244|RS15A_HUMAN;"	"HUMAN"	8794.33333333333	8907.33333333333	9400.33333333333	8275.66666666667	8005.33333333333	7974.5
"sp|P13667|PDIA4_HUMAN;"	"HUMAN"	3439	3688.33333333333	3633.33333333333	3414	3405.33333333333	3058
"tr|C8ZDQ7|C8ZDQ7_YEAS8;"	"YEAST"	4992.5	4945.5	5277	8992	8386	1593
"sp|Q01469|FABP5_HUMAN;"	"HUMAN"	3861.66666666667	3617	3354	3871.66666666667	4114.33333333333	1702
"sp|Q13347|EIF3I_HUMAN;"	"HUMAN"	1290	1384	1120.5	1337	1190.33333333333	1358.33333333333
"sp|P20618|PSB1_HUMAN;"	"HUMAN"	1377	133	143	NA	1559	NA
"sp|O95782|AP2A1_HUMAN;"	"HUMAN"	1225.33333333333	885.5	1268.33333333333	1758.5	1232.66666666667	1332.33333333333
"tr|C8ZIF4|C8ZIF4_YEAS8;"	"YEAST"	2360	1242	1096	1184	735	1189
"sp|Q96I99|SUCB2_HUMAN;"	"HUMAN"	549	560	393	505	401	384.5
"sp|P35613|BASI_HUMAN;"	"HUMAN"	10909	11120	9824.66666666667	9014	9479.5	9418
"sp|P13929|ENOB_HUMAN;sp|P09104|ENOG_HUMAN;sp|P06733|ENOA_HUMAN;"	"HUMAN"	1466	489	1390.5	1994	1598	1818
"sp|O75083|WDR1_HUMAN;"	"HUMAN"	1425	1938.5	1589.5	1703.33333333333	1621	1856.5
"tr|C8Z515|C8Z515_YEAS8;"	"YEAST"	397.5	607.5	648	489	429	367
"sp|Q00325|MPCP_HUMAN;"	"HUMAN"	11186.3333333333	11105.6666666667	10596.6666666667	9571	10594	10474
"sp|Q13148|TADBP_HUMAN;"	"HUMAN"	2149	2207.33333333333	2341.5	1766.5	2117	2061.33333333333
"sp|P49720|PSB3_HUMAN;"	"HUMAN"	1524.66666666667	1279.66666666667	1562.66666666667	1532	1543.33333333333	1527.33333333333
"sp|P82979|SARNP_HUMAN;"	"HUMAN"	3439.66666666667	3515.66666666667	3022	3422	3650.66666666667	3555
"sp|Q02218|ODO1_HUMAN;"	"HUMAN"	1659.66666666667	1624.33333333333	1695	1740	1270.5	1811.66666666667
"sp|P02359|RS7_ECOLI;"	"ECOLI"	5573.5	4683.66666666667	5956.66666666667	10058	11460.6666666667	11350.6666666667
"tr|C8Z5R4|C8Z5R4_YEAS8;"	"YEAST"	2608	2317	2443	1460	1398	1516
"sp|Q46845|YGHU_ECOLI;"	"ECOLI"	NA	NA	NA	2139	1307	1261
"sp|P61313|RL15_HUMAN;"	"HUMAN"	8117.66666666667	7661.33333333333	8842.66666666667	8416.33333333333	8447.66666666667	8669.33333333333
"sp|P16152|CBR1_HUMAN;"	"HUMAN"	5335	4926.66666666667	5053.33333333333	4470.33333333333	4294	4512.33333333333
"sp|P33991|MCM4_HUMAN;"	"HUMAN"	1001.33333333333	919.666666666667	1029.66666666667	892.666666666667	761.666666666667	928.666666666667
"sp|P07195|LDHB_HUMAN;"	"HUMAN"	26435.3333333333	27472.6666666667	27479	30691.3333333333	29158.6666666667	30848
"tr|C8ZCS5|C8ZCS5_YEAS8;"	"YEAST"	7060.66666666667	8246	10040	4749.5	4096.33333333333	5526
"tr|C8Z7X9|C8Z7X9_YEAS8;"	"YEAST"	2405.33333333333	2382	2537	1490	1397	1271.66666666667
"tr|C8Z3L4|C8Z3L4_YEAS8;"	"YEAST"	766	845	772	408	NA	931.5
"tr|C8Z8A3|C8Z8A3_YEAS8;tr|C8ZGG3|C8ZGG3_YEAS8;"	"YEAST"	12993	12459	13314	7712.33333333333	8261	8255.5
"sp|O00299|CLIC1_HUMAN;"	"HUMAN"	7872.66666666667	7477.33333333333	7951	6938	7359.66666666667	7349
"tr|C8Z612|C8Z612_YEAS8;"	"YEAST"	657	669	550.5	301.5	252	764
"sp|Q13155|AIMP2_HUMAN;"	"HUMAN"	535	518.333333333333	614.333333333333	638.5	507.333333333333	606.5
"sp|P62318|SMD3_HUMAN;"	"HUMAN"	7175.33333333333	7546	7770.66666666667	7120.66666666667	9014	8227.33333333333
"sp|Q16658|FSCN1_HUMAN;"	"HUMAN"	4455	5112.33333333333	5277.66666666667	6732	4742.66666666667	5511
"tr|C8ZFA0|C8ZFA0_YEAS8;"	"YEAST"	1423.5	1531.5	1455	668	707	724
"sp|Q8NBJ7|SUMF2_HUMAN;"	"HUMAN"	919	1772.5	1153	1082	NA	1168
"sp|O00303|EIF3F_HUMAN;"	"HUMAN"	1668.5	2758.66666666667	1792	2703	3256.66666666667	2354
"sp|O95202|LETM1_HUMAN;"	"HUMAN"	1063	1035.33333333333	1089	1043.5	964.666666666667	1168.5
"tr|C8Z6M0|C8Z6M0_YEAS8;"	"YEAST"	532.5	966.333333333333	1583.5	1206	1503	1589
"tr|C8ZB29|C8ZB29_YEAS8;"	"YEAST"	13229.6666666667	11993.6666666667	14668	6818	6082.5	5967.5
"sp|P0A6G7|CLPP_ECOLI;"	"ECOLI"	NA	NA	NA	1697	1529.33333333333	1863.66666666667
"sp|P61517|CAN_ECOLI;"	"ECOLI"	NA	NA	NA	1121	1417	1100.5
"sp|P61158|ARP3_HUMAN;"	"HUMAN"	1928.33333333333	2260	2812.33333333333	2522.66666666667	2374.66666666667	2431.33333333333
"sp|P15531|NDKA_HUMAN;"	"HUMAN"	2330.33333333333	2822.66666666667	2767.5	2718.33333333333	2608.33333333333	2932.66666666667
"sp|P02358|RS6_ECOLI;"	"ECOLI"	NA	NA	NA	8583.66666666667	8841.66666666667	9499
"sp|P61714|RISB_ECOLI;"	"ECOLI"	834	1012	1036	1904	2102.5	2145.5
"sp|P55084|ECHB_HUMAN;"	"HUMAN"	1371.66666666667	1391.66666666667	1523.66666666667	1505	1376.66666666667	1412.66666666667
"sp|Q8N766|EMC1_HUMAN;"	"HUMAN"	431	657	668.5	662	720	499
"sp|Q14152|EIF3A_HUMAN;"	"HUMAN"	2050.33333333333	2278	2188.66666666667	1835	2590	2450
"sp|P62826|RAN_HUMAN;"	"HUMAN"	8507	8481	10185.5	17101	9175	9512
"sp|Q13885|TBB2A_HUMAN;sp|P04350|TBB4A_HUMAN;sp|P68371|TBB4B_HUMAN;sp|Q13509|TBB3_HUMAN;sp|Q9BUF5|TBB6_HUMAN;sp|P07437|TBB5_HUMAN;sp|Q9H4B7|TBB1_HUMAN;"	"HUMAN"	41023	42585	41412.5	71406	36413	36607
"sp|P0A7Z0|RPIA_ECOLI;"	"ECOLI"	NA	296	337	1355.33333333333	1410	1316.33333333333
"sp|P62750|RL23A_HUMAN;"	"HUMAN"	2491.66666666667	2865.33333333333	2527	1877	3266	2990.66666666667
"sp|Q15691|MARE1_HUMAN;"	"HUMAN"	1678.33333333333	1608.33333333333	1760	1823.33333333333	1618.66666666667	1725
"sp|Q9Y2X3|NOP58_HUMAN;"	"HUMAN"	1004	952	1076.33333333333	1086	1177.33333333333	1227.33333333333
"tr|C8Z6X7|C8Z6X7_YEAS8;"	"YEAST"	842	864	1402	349	724	651
"sp|P0AGJ9|SYY_ECOLI;"	"ECOLI"	NA	NA	NA	1236	1695	2063
"sp|Q6PKG0|LARP1_HUMAN;"	"HUMAN"	1462	275	922	1396	961.5	1618
"sp|P37636|MDTE_ECOLI;"	"ECOLI"	NA	NA	NA	1230	1035	1169
"sp|Q9BVK6|TMED9_HUMAN;"	"HUMAN"	1509	1828	1442	2023	1818.5	2138
"sp|P48047|ATPO_HUMAN;"	"HUMAN"	4085.33333333333	4600.66666666667	5147.33333333333	4201.66666666667	4316.33333333333	4951
"sp|P0A7T7|RS18_ECOLI;"	"ECOLI"	2855	2741	2507	7259	7573.66666666667	7219.66666666667
"tr|C8ZC17|C8ZC17_YEAS8;"	"YEAST"	805.666666666667	717.5	724	420	587	638
"sp|Q10471|GALT2_HUMAN;"	"HUMAN"	1906.33333333333	2530	2634.33333333333	2558	2568	2694
"sp|Q16719|KYNU_HUMAN;"	"HUMAN"	2506	2098.66666666667	2410.66666666667	2350	2557.66666666667	2701
"tr|C8ZFS2|C8ZFS2_YEAS8;"	"YEAST"	954.333333333333	989.333333333333	979.666666666667	NA	NA	763
"tr|C8Z9A4|C8Z9A4_YEAS8;"	"YEAST"	759.666666666667	766.666666666667	667.5	455	384.333333333333	421.333333333333
"sp|P0A7R5|RS10_ECOLI;"	"ECOLI"	3636	2133	4123.5	12457	12080.5	11192
"tr|C8ZEL8|C8ZEL8_YEAS8;"	"YEAST"	554	461	482.5	92	NA	316
"sp|P0A817|METK_ECOLI;"	"ECOLI"	463	NA	NA	1538.5	1684	1588.5
"sp|P31658|HCHA_ECOLI;"	"ECOLI"	4495.5	4483.5	4097.5	13052	12782	12758
"sp|P24171|DCP_ECOLI;"	"ECOLI"	3126	3037	3287	1946	1406.5	1654
"tr|D3UEL8|D3UEL8_YEAS8;"	"YEAST"	1143	812.5	700.5	775	385.5	462
"sp|Q9H9B4|SFXN1_HUMAN;"	"HUMAN"	1752	1546	1663	1712.66666666667	1573.33333333333	1527.66666666667
"sp|P50395|GDIB_HUMAN;"	"HUMAN"	3010	2886.33333333333	3005.33333333333	2659.33333333333	2926.66666666667	2967.33333333333
"sp|P07437|TBB5_HUMAN;"	"HUMAN"	3901.66666666667	3962.33333333333	3553.33333333333	1754	3790.33333333333	3553
"sp|P0A7M2|RL28_ECOLI;"	"ECOLI"	NA	NA	NA	13327.6666666667	19552	13656
"sp|O15173|PGRC2_HUMAN;"	"HUMAN"	888.5	1058.5	1793	1471	1189	1091.5
"sp|Q8WUM4|PDC6I_HUMAN;"	"HUMAN"	1654.33333333333	1656	1676.33333333333	1624.66666666667	1349	1615.66666666667
"sp|P09234|RU1C_HUMAN;"	"HUMAN"	1029.5	1206	1240.5	1064.5	1155.5	1107.5
"sp|P0A955|ALKH_ECOLI;"	"ECOLI"	1109	945	1165	2669	2805.5	2587
"sp|P61106|RAB14_HUMAN;"	"HUMAN"	1155.5	1347	1288	1378.5	1336	1038.66666666667
"tr|C8ZBP1|C8ZBP1_YEAS8;"	"YEAST"	5185.5	6176.33333333333	6177.66666666667	3967	2746	4053.66666666667
"sp|Q16630|CPSF6_HUMAN;"	"HUMAN"	1717	1569.66666666667	1474	1490.66666666667	1845.5	1493.5
"sp|P32176|FDOG_ECOLI;"	"ECOLI"	NA	NA	NA	1009	1227	1069
"sp|P12236|ADT3_HUMAN;sp|P12235|ADT1_HUMAN;"	"HUMAN"	412	348	723.5	605.5	365	617
"sp|P16989|YBOX3_HUMAN;"	"HUMAN"	825	604	721.5	576	797.5	667
"sp|P67809|YBOX1_HUMAN;"	"HUMAN"	1526	1647	1830	1923.5	1980	2031
"sp|Q08J23|NSUN2_HUMAN;"	"HUMAN"	4057.5	3582.33333333333	3641.33333333333	3272	3549	3447
"sp|P62714|PP2AB_HUMAN;"	"HUMAN"	1930.33333333333	2531.5	1674.66666666667	766.5	799.5	2171.5
"sp|P52643|LDHD_ECOLI;"	"ECOLI"	NA	NA	NA	1188.5	1298	1233.5
"sp|O00159|MYO1C_HUMAN;"	"HUMAN"	449	662	513	535.5	1621	808
"sp|P51148|RAB5C_HUMAN;"	"HUMAN"	NA	214	NA	793	509	NA
"sp|Q5SSJ5|HP1B3_HUMAN;"	"HUMAN"	1532.33333333333	1592.66666666667	1534	1425.33333333333	1437.33333333333	1328.66666666667
"sp|P00367|DHE3_HUMAN;"	"HUMAN"	2100.5	2372.33333333333	2682	2324.5	2698	2444
"tr|C8ZBK3|C8ZBK3_YEAS8;"	"YEAST"	1058	763.5	1855	NA	NA	1183
"tr|C8ZD01|C8ZD01_YEAS8;"	"YEAST"	8901	8777.33333333333	9599.66666666667	3457.5	5334	5077.66666666667
"sp|P46060|RAGP1_HUMAN;"	"HUMAN"	575	NA	591	625.5	488	854
"sp|P31947|1433S_HUMAN;"	"HUMAN"	842	698	1865	1015.33333333333	1034.33333333333	960.666666666667
"sp|P18843|NADE_ECOLI;"	"ECOLI"	NA	NA	NA	2677	2775	2197.5
"sp|P0A9A6|FTSZ_ECOLI;"	"ECOLI"	481	NA	NA	1173.33333333333	1188.66666666667	1006
"sp|Q9UHV9|PFD2_HUMAN;"	"HUMAN"	2272.5	2277	1431	2262	2516	2334
"tr|C8ZBQ1|C8ZBQ1_YEAS8;"	"YEAST"	8402	7591.66666666667	8081.66666666667	4069.5	4961.5	4497
"sp|P08559|ODPA_HUMAN;"	"HUMAN"	3690.33333333333	3643.66666666667	3375.66666666667	3576	3404.66666666667	3649
"sp|P00722|BGAL_ECOLI;"	"ECOLI"	1386	531	501.5	2072	1734	1776
"sp|P22392|NDKB_HUMAN;sp|P15531|NDKA_HUMAN;"	"HUMAN"	21995.3333333333	24566	24869.3333333333	22500	23232	22547.3333333333
"sp|P67812|SC11A_HUMAN;"	"HUMAN"	1465.66666666667	1279.66666666667	1608.33333333333	1485.66666666667	1621	1722.66666666667
"tr|C8Z5Q2|C8Z5Q2_YEAS8;"	"YEAST"	5023.66666666667	4755.33333333333	5128.33333333333	3270.5	3327.5	3344.5
"sp|P77804|YDGA_ECOLI;"	"ECOLI"	305	NA	NA	850.666666666667	902.333333333333	959.666666666667
"sp|Q9UBQ7|GRHPR_HUMAN;"	"HUMAN"	1032	1126	1034.66666666667	1002.33333333333	949	979
"sp|O75396|SC22B_HUMAN;"	"HUMAN"	3681.66666666667	3805.66666666667	3589.66666666667	3903	3819.33333333333	3777.33333333333
"sp|P0ABU5|ELBB_ECOLI;"	"ECOLI"	NA	NA	364	1065	1303	1216
"sp|P25553|ALDA_ECOLI;"	"ECOLI"	4739	3573.5	4608	3190	4075	3789.66666666667
"sp|P0A6F9|CH10_ECOLI;"	"ECOLI"	5005	4861	5183	17987.3333333333	18274	19258
"sp|P39656|OST48_HUMAN;"	"HUMAN"	4979.66666666667	5643.66666666667	4817	4190	6208.5	6071
"sp|P58107|EPIPL_HUMAN;sp|Q15149|PLEC_HUMAN;"	"HUMAN"	4811	5111	5294	5323.66666666667	5556	5284.33333333333
"sp|P45880|VDAC2_HUMAN;"	"HUMAN"	8522	9235.33333333333	9354.66666666667	8899.33333333333	8841	9331.66666666667
"sp|P21291|CSRP1_HUMAN;"	"HUMAN"	2723.66666666667	2667.66666666667	2741.5	2672	2645.66666666667	2706.66666666667
"sp|P62495|ERF1_HUMAN;"	"HUMAN"	2688.5	3027	2346	3038	2639	2703.5
"tr|C8Z570|C8Z570_YEAS8;"	"YEAST"	10307.6666666667	11269	11408.6666666667	5701.66666666667	6637.5	5381.33333333333
"sp|Q16527|CSRP2_HUMAN;"	"HUMAN"	1388.33333333333	1290.66666666667	1270.33333333333	1687.66666666667	1765.66666666667	1621.33333333333
"tr|C8Z8A3|C8Z8A3_YEAS8;"	"YEAST"	2192	2067.5	2076.5	1926	1967	1255
"tr|C8Z476|C8Z476_YEAS8;"	"YEAST"	2580.5	2761	2292.5	1189.5	1634	1696
"sp|P52697|6PGL_ECOLI;"	"ECOLI"	723	791	535	2741	3079.66666666667	2860.5
"sp|P0A9D2|GSTA_ECOLI;"	"ECOLI"	NA	NA	NA	1377	1674	NA
"sp|P0AA04|PTHP_ECOLI;"	"ECOLI"	827.5	518	1371	1818.5	2221.33333333333	2134.33333333333
"sp|P14854|CX6B1_HUMAN;"	"HUMAN"	873	891	894	1481	1440	1359
"sp|P0A8E7|YAJQ_ECOLI;"	"ECOLI"	1474.33333333333	1496	1532	3908	3784.66666666667	3654
"sp|P33176|KINH_HUMAN;"	"HUMAN"	835	497.5	905.5	870.5	815	818.5
"sp|P07099|HYEP_HUMAN;"	"HUMAN"	1448	1606.33333333333	1292.5	1332.5	1195	1209
"tr|C8ZB60|C8ZB60_YEAS8;"	"YEAST"	13917	18277.5	18293.5	10392	9969.5	10447
"sp|Q99714|HCD2_HUMAN;"	"HUMAN"	6189.33333333333	6160.66666666667	5844.66666666667	5681.33333333333	5772	5584.33333333333
"sp|P14406|CX7A2_HUMAN;"	"HUMAN"	1706	1729.5	1880.5	1712.5	1934	1993.5
"sp|P39173|YEAD_ECOLI;"	"ECOLI"	797	1989	2034	2422.66666666667	2524.33333333333	2915.33333333333
"sp|P62266|RS23_HUMAN;"	"HUMAN"	8281.5	8476.5	8626.5	8794	8354	8141
"sp|P04350|TBB4A_HUMAN;sp|Q9BUF5|TBB6_HUMAN;"	"HUMAN"	1006	940	684	3576.5	911	647
"sp|Q13885|TBB2A_HUMAN;sp|P68371|TBB4B_HUMAN;sp|Q13509|TBB3_HUMAN;sp|P07437|TBB5_HUMAN;"	"HUMAN"	15367	15260	9340	14811	8687	10040
"sp|P0A7E5|PYRG_ECOLI;"	"ECOLI"	NA	873	NA	1471	1607.5	1784.5
"sp|P0A9S5|GLDA_ECOLI;"	"ECOLI"	1101	NA	NA	1340	1147	1110
"sp|P22259|PCKA_ECOLI;"	"ECOLI"	2103.33333333333	NA	1837.5	3521	3553.66666666667	2726.33333333333
"tr|C8ZIS4|C8ZIS4_YEAS8;"	"YEAST"	7862	7501.66666666667	8745.66666666667	3682	4295	3990.66666666667
"sp|Q9UL25|RAB21_HUMAN;"	"HUMAN"	583	469	732.5	721	677	729.5
"sp|P45578|LUXS_ECOLI;"	"ECOLI"	244	388	460	988	1567	804
"sp|P20020|AT2B1_HUMAN;"	"HUMAN"	636.666666666667	868	1109	719	638.333333333333	1470
"sp|O95573|ACSL3_HUMAN;"	"HUMAN"	1267.66666666667	2287	836	1353	2295	2408
"sp|P99999|CYC_HUMAN;"	"HUMAN"	2193.33333333333	2041	1735.66666666667	2023.33333333333	2514.5	1610.33333333333
"sp|P13473|LAMP2_HUMAN;"	"HUMAN"	3937.5	4233.5	4279.5	3891.5	4176	4117
"sp|P52292|IMA1_HUMAN;"	"HUMAN"	2155	1567	2091	979	1746.5	931.5
"sp|P20674|COX5A_HUMAN;"	"HUMAN"	2842.66666666667	2736	3183.66666666667	1215.5	1321	981
"sp|P55209|NP1L1_HUMAN;"	"HUMAN"	2180	2413.66666666667	2877	2582.66666666667	2150	2295
"sp|P23526|SAHH_HUMAN;"	"HUMAN"	3983.33333333333	5367.5	3499.33333333333	4277	2527	2668.5
"tr|C8Z4Y3|C8Z4Y3_YEAS8;"	"YEAST"	15911	14290.6666666667	15366	8959	10478.5	9681
"sp|Q15181|IPYR_HUMAN;"	"HUMAN"	1615.33333333333	1868	1554	1539.33333333333	1584.33333333333	1479.66666666667
"tr|C8Z9H2|C8Z9H2_YEAS8;"	"YEAST"	1085.66666666667	1160.66666666667	994	694.333333333333	661.666666666667	688.333333333333
"sp|Q96RP9|EFGM_HUMAN;"	"HUMAN"	1103	1163	987	781.5	379	1373
"sp|Q9Y3D6|FIS1_HUMAN;"	"HUMAN"	974.5	987.5	1013	798.5	1013	830.5
"sp|P15121|ALDR_HUMAN;"	"HUMAN"	3400	3793.33333333333	3367	2903.66666666667	3388.33333333333	3165.33333333333
"sp|P00390|GSHR_HUMAN;"	"HUMAN"	1790	1939	NA	1511.5	1005.5	1575.5
"sp|P0ADY7|RL16_ECOLI;"	"ECOLI"	1800	1071	1587	8987.66666666667	9714.33333333333	9917
"sp|P33136|OPGG_ECOLI;"	"ECOLI"	NA	NA	NA	2580	1809	3007
"sp|P00957|SYA_ECOLI;"	"ECOLI"	NA	358	4040	2816.33333333333	2789.33333333333	2388.33333333333
"sp|P12081|SYHC_HUMAN;"	"HUMAN"	1722	2149.33333333333	1720.66666666667	1924.66666666667	2193.66666666667	2191.33333333333
"sp|O60568|PLOD3_HUMAN;"	"HUMAN"	1795.66666666667	2202.5	2208	1793	1957	968
"sp|Q06830|PRDX1_HUMAN;sp|Q13162|PRDX4_HUMAN;"	"HUMAN"	60344	62527.5	60846.5	57825	65182.5	60418.5
"sp|Q9Y6C9|MTCH2_HUMAN;"	"HUMAN"	5014.33333333333	5006.66666666667	5030.33333333333	4768.33333333333	5019	4686
"tr|C8Z6U7|C8Z6U7_YEAS8;"	"YEAST"	2516.66666666667	3149.5	2661.66666666667	1348	1470.5	1328.5
"sp|Q9Y3I0|RTCB_HUMAN;"	"HUMAN"	1276	1433	958.333333333333	822	1579	695
"sp|Q8WVY7|UBCP1_HUMAN;"	"HUMAN"	634.5	600	800	512.5	511	821
"sp|P33240|CSTF2_HUMAN;"	"HUMAN"	4661	2143	4254	3097.5	3267.5	3088.5
"sp|P09661|RU2A_HUMAN;"	"HUMAN"	1565	1323.66666666667	1997	1574.33333333333	1453.33333333333	1573.66666666667
"sp|O60762|DPM1_HUMAN;"	"HUMAN"	944	976	597	493.5	465	1027
"sp|P0A836|SUCC_ECOLI;"	"ECOLI"	816.5	2369.5	2157.66666666667	3123.33333333333	3152.66666666667	3019.33333333333
"sp|Q8NCW5|NNRE_HUMAN;"	"HUMAN"	2130.66666666667	1242.5	2002.33333333333	1873.33333333333	1884.66666666667	1119
"sp|P14550|AK1A1_HUMAN;"	"HUMAN"	2074	2674.5	1944	2724.5	2751	2046
"tr|D3UED5|D3UED5_YEAS8;"	"YEAST"	2126.5	1687	1478.33333333333	1520	1838	1130.5
"sp|Q13428|TCOF_HUMAN;"	"HUMAN"	1262.33333333333	1025	1499.66666666667	1270	1332.33333333333	1279.33333333333
"sp|P0A9X4|MREB_ECOLI;"	"ECOLI"	1566.5	1709.5	1305.33333333333	4482	4259.66666666667	4784.66666666667
"sp|P17931|LEG3_HUMAN;"	"HUMAN"	3827.5	3764	3401.66666666667	4786.33333333333	3570	3525.66666666667
"tr|D3UEZ6|D3UEZ6_YEAS8;"	"YEAST"	1729.33333333333	1722.66666666667	1538.33333333333	1071.5	1083.66666666667	1128.33333333333
"sp|Q14839|CHD4_HUMAN;"	"HUMAN"	1130.5	1016	946.333333333333	1059	1088.5	990
"sp|P21165|PEPQ_ECOLI;"	"ECOLI"	NA	NA	NA	1976.5	2205	2248
"sp|P12236|ADT3_HUMAN;sp|P12235|ADT1_HUMAN;sp|P05141|ADT2_HUMAN;"	"HUMAN"	8652	7674.33333333333	8200.66666666667	7031	6808	7399.66666666667
"tr|C8ZH49|C8ZH49_YEAS8;"	"YEAST"	3973.66666666667	3831.33333333333	3758.33333333333	2120.33333333333	2215.33333333333	2397.66666666667
"sp|P37194|SLP_ECOLI;"	"ECOLI"	4527.33333333333	4515.66666666667	5305	13364	13062.3333333333	12991.6666666667
"sp|P35237|SPB6_HUMAN;"	"HUMAN"	1984	1982.33333333333	1888	2156.5	2062	1738.33333333333
"tr|C8Z3W6|C8Z3W6_YEAS8;"	"YEAST"	21328.3333333333	19157	19243.6666666667	10166.5	12179.5	10378
"sp|P27105|STOM_HUMAN;"	"HUMAN"	290	635	NA	NA	1641	835.5
"sp|Q9NQC3|RTN4_HUMAN;"	"HUMAN"	2365.33333333333	2332.33333333333	2791	2166	2360.33333333333	2195.66666666667
"tr|C8Z7K2|C8Z7K2_YEAS8;"	"YEAST"	1892	1200	1852.33333333333	NA	1170.5	1947
"sp|O15260|SURF4_HUMAN;"	"HUMAN"	2797	4342	3179.66666666667	3044.33333333333	4228.5	2283
"tr|C8Z8N1|C8Z8N1_YEAS8;"	"YEAST"	1246	1881	1358.5	793	798.5	909
"sp|O00764|PDXK_HUMAN;"	"HUMAN"	1065	1018.5	1411	1010	1015	890
"sp|P62829|RL23_HUMAN;"	"HUMAN"	7182	8116.66666666667	7600.33333333333	7523	8266	8229
"sp|Q9NR45|SIAS_HUMAN;"	"HUMAN"	2799	1325	2757	3062	4962	2816.5
"sp|P33316|DUT_HUMAN;"	"HUMAN"	1116.33333333333	1492	1154	1239	996.333333333333	949.333333333333
"tr|C8Z3V8|C8Z3V8_YEAS8;"	"YEAST"	13134	15864.5	14889.6666666667	7216	14227	10161
"tr|C8Z8Y1|C8Z8Y1_YEAS8;tr|C8ZD16|C8ZD16_YEAS8;"	"YEAST"	10466.5	12146	13976	6792	7170	7055
"sp|P05455|LA_HUMAN;"	"HUMAN"	2097.66666666667	2207.66666666667	2187.66666666667	2358.66666666667	2263	2434.33333333333
"sp|P07686|HEXB_HUMAN;"	"HUMAN"	1572	1567	1702	940.5	1654.33333333333	1619.66666666667
"sp|P33993|MCM7_HUMAN;"	"HUMAN"	2513.33333333333	1891	2819.33333333333	2569	2530.33333333333	2438.33333333333
"tr|C8Z6T1|C8Z6T1_YEAS8;"	"YEAST"	2693.66666666667	2506	2610	1928	1750	1761.5
"sp|O96008|TOM40_HUMAN;"	"HUMAN"	776.333333333333	1086	950.333333333333	1119.5	1267	1233.5
"tr|C8Z7N7|C8Z7N7_YEAS8;"	"YEAST"	2433.33333333333	2402.33333333333	3070	1528.66666666667	1417.33333333333	1379.66666666667
"tr|C8Z590|C8Z590_YEAS8;"	"YEAST"	343.5	782	312.5	NA	NA	NA
"sp|P10412|H14_HUMAN;sp|Q02539|H11_HUMAN;sp|P16401|H15_HUMAN;sp|P16402|H13_HUMAN;sp|P16403|H12_HUMAN;"	"HUMAN"	23462	25044.5	7953	26964.5	24112.5	24818
"sp|Q96AE4|FUBP1_HUMAN;"	"HUMAN"	3835.33333333333	3741.33333333333	3740.66666666667	3369	4026.33333333333	4204.33333333333
"tr|C8ZDF6|C8ZDF6_YEAS8;tr|C8Z657|C8Z657_YEAS8;"	"YEAST"	4869	4830.5	5481	2445	2822	3096.5
"tr|C8Z5D7|C8Z5D7_YEAS8;"	"YEAST"	5336.66666666667	5923.66666666667	6602.66666666667	3082	4126	4175
"tr|C8ZBQ2|C8ZBQ2_YEAS8;"	"YEAST"	4847.66666666667	4836.66666666667	4783.33333333333	3027.5	4388	2644
"sp|P04982|RBSD_ECOLI;"	"ECOLI"	1135	NA	970	2233	2148.66666666667	2091
"sp|P46778|RL21_HUMAN;"	"HUMAN"	11559	11656	10802	11199.6666666667	11295.3333333333	11781
"sp|Q13442|HAP28_HUMAN;"	"HUMAN"	1109.5	1723.66666666667	1674.66666666667	2073.5	1555	2615.5
"sp|P10515|ODP2_HUMAN;"	"HUMAN"	4033	2634.5	2438.5	2480	1017	2555
"sp|P07305|H10_HUMAN;"	"HUMAN"	2166.33333333333	2525.33333333333	2492	2257	2242	2267.5
"tr|C8Z9F6|C8Z9F6_YEAS8;"	"YEAST"	1042.33333333333	1000.66666666667	1378	431	NA	NA
"tr|C8Z985|C8Z985_YEAS8;"	"YEAST"	24403	23227.6666666667	22665.6666666667	10540.6666666667	13292.6666666667	9940
"tr|C8Z6H9|C8Z6H9_YEAS8;"	"YEAST"	3718.66666666667	3711	3910	2321.66666666667	2291.33333333333	1441
"sp|Q9NVJ2|ARL8B_HUMAN;"	"HUMAN"	4260.5	4380.5	3938.5	3622	4196	574
"sp|P62942|FKB1A_HUMAN;"	"HUMAN"	1473.5	1435	1704	1392	1437.5	1572.5
"sp|P09972|ALDOC_HUMAN;"	"HUMAN"	2107	2170.5	1774	1428	2041.5	2131
"sp|P52895|AK1C2_HUMAN;sp|P42330|AK1C3_HUMAN;"	"HUMAN"	2529.66666666667	2553.66666666667	2647.66666666667	2169.66666666667	2555.66666666667	2087.33333333333
"sp|P46779|RL28_HUMAN;"	"HUMAN"	5503.66666666667	5201	5500	6571.33333333333	6182	6885
"sp|P26885|FKBP2_HUMAN;"	"HUMAN"	2409.5	2350.5	5630	4682	5102	4771
"sp|Q8N684|CPSF7_HUMAN;"	"HUMAN"	1824	1541	852.5	1623	1030.5	973
"tr|C8ZC71|C8ZC71_YEAS8;"	"YEAST"	951	1855	2208	1239	2328	730
"sp|Q07020|RL18_HUMAN;"	"HUMAN"	18420	16355	15788	16745.5	15018.5	15025.6666666667
"sp|P39177|USPG_ECOLI;"	"ECOLI"	NA	NA	1382	4871.66666666667	4253	4497.66666666667
"sp|P37903|USPF_ECOLI;"	"ECOLI"	NA	486	NA	2100.66666666667	2361.66666666667	2481.66666666667
"sp|P42167|LAP2B_HUMAN;"	"HUMAN"	3682	3652.5	1729.5	3075	2809	3294
"sp|P17066|HSP76_HUMAN;"	"HUMAN"	25983.5	29364	24706.5	63700	67165	72006
"sp|Q96A08|H2B1A_HUMAN;sp|Q99880|H2B1L_HUMAN;"	"HUMAN"	15728	17624	17875.6666666667	19704.6666666667	8156.33333333333	7917.33333333333
"sp|O14737|PDCD5_HUMAN;"	"HUMAN"	1591	1541	1537.5	1331	1502.5	1516
"sp|O14684|PTGES_HUMAN;"	"HUMAN"	1772.5	798	807	3485	3474.5	3329
"tr|C8ZIR9|C8ZIR9_YEAS8;"	"YEAST"	433	619.5	625	NA	NA	NA
"tr|C8ZBG2|C8ZBG2_YEAS8;tr|C8Z985|C8Z985_YEAS8;tr|C8ZBG4|C8ZBG4_YEAS8;"	"YEAST"	68936.3333333333	72894.3333333333	73632.6666666667	51957.3333333333	54188.3333333333	54281.3333333333
"tr|D3UET2|D3UET2_YEAS8;"	"YEAST"	16588	22173.6666666667	16946.3333333333	12412	16099.5	13131
"sp|P46781|RS9_HUMAN;"	"HUMAN"	18132	14421	12583.6666666667	14140	13345.6666666667	15941.6666666667
"sp|P42330|AK1C3_HUMAN;"	"HUMAN"	5432	6075	5275.66666666667	5542.66666666667	5241	5108.33333333333
"sp|P0AED0|USPA_ECOLI;"	"ECOLI"	NA	2551	3346	3411.66666666667	4029.66666666667	3916.66666666667
"tr|C8ZED2|C8ZED2_YEAS8;"	"YEAST"	4545.5	4550.5	4492.5	1712.5	3374	3309
"tr|C8ZE55|C8ZE55_YEAS8;"	"YEAST"	5094	5099	4823.5	2698	2930.5	2784
"sp|Q15185|TEBP_HUMAN;"	"HUMAN"	2183.5	3456	3587.33333333333	3557.33333333333	3528.66666666667	3629.66666666667
"sp|P16104|H2AX_HUMAN;sp|Q16777|H2A2C_HUMAN;sp|Q93077|H2A1C_HUMAN;"	"HUMAN"	18759	45452.5	54851.5	45183	40390.3333333333	43900
"sp|Q15125|EBP_HUMAN;"	"HUMAN"	3469.5	3423.5	2971	3394.5	3657.5	3551
"sp|O43852|CALU_HUMAN;"	"HUMAN"	1251.33333333333	1287	1647.33333333333	1674.33333333333	1798.33333333333	1592.33333333333
"tr|C8Z821|C8Z821_YEAS8;"	"YEAST"	2027.66666666667	1910	2102.33333333333	1371.5	1182	1524
"sp|P46783|RS10_HUMAN;"	"HUMAN"	1412.5	449	551	1451	358	458
"tr|C8ZC92|C8ZC92_YEAS8;"	"YEAST"	9333.5	7127.66666666667	6551.33333333333	3458.5	4952.66666666667	4642.33333333333
"sp|P63261|ACTG_HUMAN;sp|Q562R1|ACTBL_HUMAN;sp|P68032|ACTC_HUMAN;sp|P60709|ACTB_HUMAN;"	"HUMAN"	9009	6926	8569.33333333333	7460	8270	7803
"sp|P49458|SRP09_HUMAN;"	"HUMAN"	2831.66666666667	2743.66666666667	2599	2269	2155.33333333333	1990
"tr|C8ZBJ8|C8ZBJ8_YEAS8;"	"YEAST"	1268	1278	1325.5	NA	707	1366
"sp|P0AC47|FRDB_ECOLI;"	"ECOLI"	102	NA	NA	362	521	303
"sp|P0AG30|RHO_ECOLI;"	"ECOLI"	NA	NA	3543	4008	3976.5	3280.33333333333
"sp|P24539|AT5F1_HUMAN;"	"HUMAN"	1447.5	1342.5	1269	1461	1377	1394.66666666667
"sp|Q9NZ01|TECR_HUMAN;"	"HUMAN"	2194	1636.66666666667	2160.66666666667	2111.66666666667	2193	1853
"sp|P61204|ARF3_HUMAN;sp|P84085|ARF5_HUMAN;sp|P18085|ARF4_HUMAN;"	"HUMAN"	1465.5	4579.66666666667	4519.66666666667	4659	4284.66666666667	5076
"sp|P62316|SMD2_HUMAN;"	"HUMAN"	3193.66666666667	3562.66666666667	3738.33333333333	3577.66666666667	3558	3617.66666666667
"sp|Q14247|SRC8_HUMAN;"	"HUMAN"	2913.33333333333	3007.33333333333	2553.66666666667	2663.33333333333	2812	2762
"sp|P21266|GSTM3_HUMAN;"	"HUMAN"	4551.66666666667	7833	3772	3305.5	3408	3364.5
"tr|C8Z3H5|C8Z3H5_YEAS8;"	"YEAST"	2802.5	4849.33333333333	4706.66666666667	1711.5	1521	1974.5
"sp|P48643|TCPE_HUMAN;"	"HUMAN"	3691.33333333333	3841	3507.33333333333	3128.33333333333	3351.66666666667	3084
"tr|C8ZA86|C8ZA86_YEAS8;"	"YEAST"	3397	3921.33333333333	3726.66666666667	1561.5	1692	3388.66666666667
"sp|Q9BZE4|NOG1_HUMAN;"	"HUMAN"	734.5	579	547	626	760	558
"sp|P62269|RS18_HUMAN;"	"HUMAN"	10030	10298	11154.3333333333	10703.3333333333	11552.6666666667	11633.6666666667
"tr|C8Z793|C8Z793_YEAS8;"	"YEAST"	1214	749	699.5	576	754	741
"sp|P08708|RS17_HUMAN;"	"HUMAN"	4332.5	4736	4402.5	5253.5	8399	8320
"sp|P0A7T3|RS16_ECOLI;"	"ECOLI"	3746	2386	3372	4875.5	4700	4637
"sp|P17174|AATC_HUMAN;"	"HUMAN"	197	396	1728	366	333	197
"sp|O00425|IF2B3_HUMAN;"	"HUMAN"	1642	1970	1646	1877	1556.5	NA
"sp|P69441|KAD_ECOLI;"	"ECOLI"	864	NA	845	2659	2487.33333333333	2483.66666666667
"sp|P0ACJ8|CRP_ECOLI;"	"ECOLI"	NA	NA	NA	3412.66666666667	3882	3295
"tr|C8ZBG4|C8ZBG4_YEAS8;"	"YEAST"	5296	5206.33333333333	4597.33333333333	2448.33333333333	2699.66666666667	2579
"tr|C8ZIG2|C8ZIG2_YEAS8;"	"YEAST"	3315.66666666667	3224.33333333333	2935.66666666667	1883	1852	2224.33333333333
"sp|P0AFF6|NUSA_ECOLI;"	"ECOLI"	NA	496	416	1443	1687.66666666667	1381
"sp|P69776|LPP_ECOLI;"	"ECOLI"	3188.5	3541.5	3081	9666	8802.66666666667	9427.33333333333
"tr|C8ZIV2|C8ZIV2_YEAS8;"	"YEAST"	2068.33333333333	2178	2149.66666666667	1402.66666666667	1208	1241
"sp|P07741|APT_HUMAN;"	"HUMAN"	1555	1877	1591	1511	1369.66666666667	2731
"sp|Q06323|PSME1_HUMAN;"	"HUMAN"	2907.66666666667	3253.66666666667	3327.5	3335.66666666667	3783	3285.66666666667
"tr|C8ZIN6|C8ZIN6_YEAS8;"	"YEAST"	14034.5	17034.3333333333	14527.6666666667	7647.5	9428.5	8042
"sp|C8Z543|ARO1_YEAS8;"	"YEAST"	1057.5	878	940	NA	NA	NA
"sp|O43776|SYNC_HUMAN;"	"HUMAN"	1626	1878	1587	1213.33333333333	1267.33333333333	708
"tr|C8ZBD2|C8ZBD2_YEAS8;"	"YEAST"	2229.5	1779	2100.66666666667	1103.5	995	1072.5
"sp|O15371|EIF3D_HUMAN;"	"HUMAN"	1398.66666666667	1328.66666666667	1960.5	1359	1729	1229
"sp|P14678|RSMB_HUMAN;"	"HUMAN"	7087	7849.5	8269.5	6953.66666666667	7405.33333333333	6734.66666666667
"sp|P61175|RL22_ECOLI;"	"ECOLI"	1628.5	1484.5	1422	4736	4585.33333333333	4744.66666666667
"sp|Q96EP5|DAZP1_HUMAN;"	"HUMAN"	1407.33333333333	1551.33333333333	1418	1744.66666666667	1902.33333333333	1662.33333333333
"sp|P0A8E1|YCFP_ECOLI;"	"ECOLI"	336	428	477	1698	1540.5	1634
"sp|P07395|SYFB_ECOLI;"	"ECOLI"	660	NA	483	1231.33333333333	1179.66666666667	1207
"sp|P0A887|UBIE_ECOLI;"	"ECOLI"	NA	NA	NA	1366.5	1274.5	1363.5
"sp|P30046|DOPD_HUMAN;"	"HUMAN"	827	736.5	859	654	880.5	850
"sp|P0A796|K6PF1_ECOLI;"	"ECOLI"	3641	6143	4010.5	7062.33333333333	7002	6618
"sp|Q9Y295|DRG1_HUMAN;"	"HUMAN"	1369	1383	1384.5	1290.5	1417	1290
"sp|P46977|STT3A_HUMAN;"	"HUMAN"	1800	2121.5	2084	1861.5	3269	3381
"sp|Q13185|CBX3_HUMAN;"	"HUMAN"	2658	2567.33333333333	2537	2410.66666666667	2288.33333333333	2208.66666666667
"sp|Q6NZI2|PTRF_HUMAN;"	"HUMAN"	830	NA	804	662	1019	1130
"sp|P0A6A8|ACP_ECOLI;"	"ECOLI"	1926.66666666667	1256	1789	3888	3745.33333333333	3659.66666666667
"tr|C8ZF81|C8ZF81_YEAS8;"	"YEAST"	3529.66666666667	3450.66666666667	3600.33333333333	1886.5	1981	1801
"tr|C8Z4H5|C8Z4H5_YEAS8;"	"YEAST"	2067	2127	1749.33333333333	1339	1143	1343
"tr|C8Z659|C8Z659_YEAS8;"	"YEAST"	6279.33333333333	6066.33333333333	6555	3362.33333333333	3579.33333333333	3576
"sp|Q9P2R7|SUCB1_HUMAN;"	"HUMAN"	655	1219.5	1329.5	1180	1238	1201.33333333333
"sp|P05387|RLA2_HUMAN;"	"HUMAN"	6462.66666666667	6220	4755	6678.66666666667	5515	6393.33333333333
"sp|Q16718|NDUA5_HUMAN;"	"HUMAN"	1073	1254.5	2095	1044	NA	1707
"sp|O75347|TBCA_HUMAN;"	"HUMAN"	3148.66666666667	2984.66666666667	2945	3037.66666666667	3176.33333333333	2804.66666666667
"sp|Q16181|SEPT7_HUMAN;"	"HUMAN"	2723.66666666667	2763.33333333333	2585.33333333333	2634.66666666667	2554.66666666667	3553
"sp|P77454|GLSA1_ECOLI;"	"ECOLI"	143	194	NA	769.5	705	632.5
"sp|P53634|CATC_HUMAN;"	"HUMAN"	2655	2551.5	2831.5	3195	2752.5	2884
"tr|C8ZJ60|C8ZJ60_YEAS8;"	"YEAST"	1604.5	1300.66666666667	1637.5	870.5	943	1741
"tr|C8Z6B1|C8Z6B1_YEAS8;tr|C8Z6G5|C8Z6G5_YEAS8;"	"YEAST"	6694.66666666667	6650	7287	3860	2450	1933.5
"tr|C8Z4U5|C8Z4U5_YEAS8;"	"YEAST"	14224.3333333333	14455.6666666667	15230.3333333333	8403.33333333333	9416.66666666667	8956
"sp|P41250|SYG_HUMAN;"	"HUMAN"	2181.66666666667	2009.5	2186.33333333333	1861	2366.5	1756.33333333333
"sp|O60869|EDF1_HUMAN;"	"HUMAN"	NA	1691	352	1729	2064	1067
"sp|Q9UQE7|SMC3_HUMAN;"	"HUMAN"	1111	915	893.666666666667	881.333333333333	1130.5	1424
"tr|C8Z3T2|C8Z3T2_YEAS8;"	"YEAST"	1072	1131.33333333333	1141.66666666667	732.333333333333	1030	711.5
"sp|P0A998|FTNA_ECOLI;"	"ECOLI"	1975	1131.5	1318	2560	2982	2569.5
"sp|P61224|RAP1B_HUMAN;"	"HUMAN"	4315.66666666667	4933.33333333333	3914.33333333333	4544.66666666667	5085	4939.66666666667
"sp|P49755|TMEDA_HUMAN;"	"HUMAN"	1804.5	1299.66666666667	1328.66666666667	1463.66666666667	2030.5	1449
"sp|P00961|SYGB_ECOLI;"	"ECOLI"	1156	605	1031.5	2238	2288.66666666667	2315.66666666667
"sp|P52815|RM12_HUMAN;"	"HUMAN"	1334.66666666667	1384.66666666667	1478	1415.33333333333	1435	1457
"sp|P15586|GNS_HUMAN;"	"HUMAN"	1447.5	1468.5	1505.5	1382	1246.5	1179
"sp|P18085|ARF4_HUMAN;"	"HUMAN"	2975	3036	3293	3828	3561.66666666667	4627.5
"sp|P67936|TPM4_HUMAN;sp|P09493|TPM1_HUMAN;sp|P06753|TPM3_HUMAN;"	"HUMAN"	7273.66666666667	6557	7153.33333333333	6322	7346.33333333333	6562.33333333333
"sp|P30838|AL3A1_HUMAN;"	"HUMAN"	1662	1018	1522.33333333333	1634.5	1454	1616
"sp|Q99471|PFD5_HUMAN;"	"HUMAN"	1027.5	1207	1102.5	1076.5	943	1301.5
"sp|P49419|AL7A1_HUMAN;"	"HUMAN"	1867.33333333333	1739.33333333333	1684.66666666667	1711	1869.66666666667	1744
"sp|A6NL28|TPM3L_HUMAN;"	"HUMAN"	2078.5	2128	2021.5	2173.5	2501	2075.5
"sp|Q92905|CSN5_HUMAN;"	"HUMAN"	852	726.5	699	522	559	501
"sp|O94905|ERLN2_HUMAN;sp|O75477|ERLN1_HUMAN;"	"HUMAN"	1314	1224.5	1358.5	1013.5	1109	1084.5
"sp|Q13885|TBB2A_HUMAN;sp|P04350|TBB4A_HUMAN;sp|P68371|TBB4B_HUMAN;sp|Q13509|TBB3_HUMAN;sp|P07437|TBB5_HUMAN;"	"HUMAN"	13562.5	13851.5	14742	13298.5	13922	13788
"tr|C8ZFI0|C8ZFI0_YEAS8;"	"YEAST"	438	510	456.5	224	NA	NA
"tr|C8ZG95|C8ZG95_YEAS8;"	"YEAST"	2042	2752.5	2776.5	1455.5	2111.5	2328.5
"sp|Q8N3U4|STAG2_HUMAN;"	"HUMAN"	500	389	524	449	NA	13848
"sp|P56192|SYMC_HUMAN;"	"HUMAN"	1106	886.666666666667	906	1454	1155	1098.33333333333
"sp|P09488|GSTM1_HUMAN;"	"HUMAN"	1297.5	1295.5	1339	1159	1147	1328.5
"sp|P22087|FBRL_HUMAN;"	"HUMAN"	3105.33333333333	3017	3594	2050	2606.66666666667	1721
"tr|C8ZH87|C8ZH87_YEAS8;"	"YEAST"	1853	1422	1705	NA	NA	NA
"tr|C8Z6W1|C8Z6W1_YEAS8;"	"YEAST"	24957	25237	27400.3333333333	14205	14630.3333333333	13885.5
"sp|O95747|OXSR1_HUMAN;"	"HUMAN"	1169	1212	1198	1143.5	1093	997.5
"tr|C8ZDI0|C8ZDI0_YEAS8;"	"YEAST"	2790.33333333333	2786.66666666667	2562.33333333333	1830.66666666667	1738	1710.33333333333
"sp|P69783|PTGA_ECOLI;"	"ECOLI"	2494	2435	2471.33333333333	6121.33333333333	6025.66666666667	5955
"sp|P45877|PPIC_HUMAN;"	"HUMAN"	793	254	2108	837	739	893
"sp|P45974|UBP5_HUMAN;"	"HUMAN"	2633.5	2070	2102	2419.5	2150.66666666667	1989.33333333333
"sp|P62140|PP1B_HUMAN;"	"HUMAN"	1839.5	1982.5	2823	2855	2049.5	1681.5
"sp|P41091|IF2G_HUMAN;"	"HUMAN"	2546.33333333333	2599	2769.66666666667	2655.33333333333	2244.66666666667	2572.33333333333
"sp|P68191|SRA_ECOLI;"	"ECOLI"	NA	378	NA	2849	2730	3141.5
"sp|P0AFP6|GTPC1_ECOLI;"	"ECOLI"	653	350.5	256	1669	1043	2204
"sp|P62879|GBB2_HUMAN;sp|P62873|GBB1_HUMAN;"	"HUMAN"	846	940	6915.5	NA	NA	5662.5
"sp|Q9HB71|CYBP_HUMAN;"	"HUMAN"	2717	2520.66666666667	2882	2834.66666666667	3500	2649
"tr|C8ZIY1|C8ZIY1_YEAS8;"	"YEAST"	2061	2158.33333333333	2349	1238.5	1414	1364.5
"sp|P46782|RS5_HUMAN;"	"HUMAN"	6701	5767.33333333333	6458.66666666667	6013.66666666667	6223.33333333333	5511
"sp|P10412|H14_HUMAN;sp|P16402|H13_HUMAN;sp|P16403|H12_HUMAN;"	"HUMAN"	30819.3333333333	30291.6666666667	32036.6666666667	33612	34935	35836.3333333333
"sp|P04350|TBB4A_HUMAN;sp|P68371|TBB4B_HUMAN;sp|P07437|TBB5_HUMAN;"	"HUMAN"	17499.5	18216.5	18522	18962.5	19745	18740.5
"sp|P61204|ARF3_HUMAN;"	"HUMAN"	2891.5	2850	5749	2652.5	2678.5	2337.5
"sp|P26583|HMGB2_HUMAN;"	"HUMAN"	2053.5	1665	2553	2269	2322.5	2027.5
"tr|C8ZDW6|C8ZDW6_YEAS8;"	"YEAST"	574	694.5	607.5	NA	NA	295
"sp|P63173|RL38_HUMAN;"	"HUMAN"	1898.5	2270.5	2136	2430.5	2356	2328
"sp|P0A7K6|RL19_ECOLI;"	"ECOLI"	3481	4964.5	2578.33333333333	5484.5	5051	6081
"sp|P21796|VDAC1_HUMAN;"	"HUMAN"	6072.5	7182	7682.33333333333	6656.5	8175.66666666667	8436
"sp|P04844|RPN2_HUMAN;"	"HUMAN"	3640	3424.33333333333	3069	3187.33333333333	3551	3213
"tr|C8Z747|C8Z747_YEAS8;"	"YEAST"	2647	2427	1617	NA	NA	NA
"sp|P62888|RL30_HUMAN;"	"HUMAN"	2808.66666666667	2887.33333333333	2992.5	3000	3496	2906.66666666667
"tr|C8Z8L2|C8Z8L2_YEAS8;"	"YEAST"	5101.5	5134	5320.33333333333	2460	2351	2361.5
"sp|P02768|ALBU_HUMAN;"	"HUMAN"	15057.6666666667	16140	15866	10944.3333333333	11698.3333333333	11927
"tr|C8ZJF4|C8ZJF4_YEAS8;"	"YEAST"	3065.33333333333	1088	1335	651.5	1715	667.5
"sp|P84098|RL19_HUMAN;"	"HUMAN"	6725.33333333333	6854.5	5301.5	6827	6180.33333333333	6864
"tr|C8Z4K8|C8Z4K8_YEAS8;"	"YEAST"	1286	2374	1211	1325.5	1516.5	1473
"sp|P37637|MDTF_ECOLI;"	"ECOLI"	NA	NA	NA	747.5	688	1420
"sp|P28072|PSB6_HUMAN;"	"HUMAN"	2785.5	3103	2155.5	2753	2571.66666666667	3004
"sp|O75947|ATP5H_HUMAN;"	"HUMAN"	2649.66666666667	2685.33333333333	2915.66666666667	2724	2523.5	2736.33333333333
"sp|P06493|CDK1_HUMAN;"	"HUMAN"	2554.5	2038.5	2682.5	2389.5	2632.5	4524
"tr|C8ZI98|C8ZI98_YEAS8;"	"YEAST"	1610.33333333333	1568.66666666667	1707.33333333333	947	1074	1143
"sp|P31677|OTSA_ECOLI;"	"ECOLI"	327	NA	NA	823	902.5	1039
"sp|Q9Y262|EIF3L_HUMAN;"	"HUMAN"	420	367	506.333333333333	528.666666666667	556	476
"sp|Q13724|MOGS_HUMAN;"	"HUMAN"	704	726	664	453	368	638
"sp|P40429|RL13A_HUMAN;"	"HUMAN"	7518.33333333333	6679	8327.66666666667	7744	7849.66666666667	7693.66666666667
"sp|P00550|PTM3C_ECOLI;"	"ECOLI"	NA	NA	163	794.333333333333	980	713
"sp|P27708|PYR1_HUMAN;"	"HUMAN"	2021.33333333333	2043.33333333333	2058	2062	1959	1117.33333333333
"sp|O95232|LC7L3_HUMAN;"	"HUMAN"	797	1373	153	700	840.5	701.5
"sp|P30837|AL1B1_HUMAN;"	"HUMAN"	795	942	873.5	818.5	1015	897
"sp|P64463|YDFZ_ECOLI;"	"ECOLI"	384	NA	NA	3416.5	3232.66666666667	3271
"sp|P24534|EF1B_HUMAN;"	"HUMAN"	7339.33333333333	6999.66666666667	9384.5	8031	7919.33333333333	7923
"sp|P60228|EIF3E_HUMAN;"	"HUMAN"	2155	1995.66666666667	2212	1897.33333333333	2160	2383
"sp|Q13509|TBB3_HUMAN;"	"HUMAN"	633	3647	626.5	537	847	628.5
"tr|C8Z7P5|C8Z7P5_YEAS8;"	"YEAST"	2133	2835	2675	1296	2210	1762.66666666667
"sp|P0A855|TOLB_ECOLI;"	"ECOLI"	NA	NA	NA	1239.5	1558.5	1534
"sp|Q9Y2L1|RRP44_HUMAN;"	"HUMAN"	1125	802.666666666667	801.333333333333	1608	NA	952.5
"sp|Q01085|TIAR_HUMAN;"	"HUMAN"	861	768	758	815	545	801
"sp|P0CG39|POTEJ_HUMAN;"	"HUMAN"	7111	NA	NA	8108	NA	NA
"sp|P09496|CLCA_HUMAN;"	"HUMAN"	2981.5	3612	4342.5	3875.5	4123.5	3737.5
"sp|P0A6Q6|FABZ_ECOLI;"	"ECOLI"	327	245	484	925.666666666667	931.333333333333	854.5
"sp|P19012|K1C15_HUMAN;sp|P08727|K1C19_HUMAN;sp|Q04695|K1C17_HUMAN;"	"HUMAN"	4690.5	7698	5744	4485	4762	5399
"tr|C8ZJL2|C8ZJL2_YEAS8;"	"YEAST"	3157.66666666667	3693.5	3423	1919.66666666667	1262	1513
"sp|P63151|2ABA_HUMAN;"	"HUMAN"	540	510.5	478.5	665	590.666666666667	670.5
"sp|Q9NZN4|EHD2_HUMAN;"	"HUMAN"	683.5	522	404	707	574	673
"sp|P61081|UBC12_HUMAN;"	"HUMAN"	3264.5	3227.5	3412	3338	3275	3343
"sp|Q16186|ADRM1_HUMAN;"	"HUMAN"	748.5	766.5	746.666666666667	761.5	766.666666666667	723.666666666667
"tr|C8Z5L0|C8Z5L0_YEAS8;"	"YEAST"	2695.66666666667	2736	2452	1674.33333333333	1418.66666666667	1546
"tr|C8ZET2|C8ZET2_YEAS8;"	"YEAST"	1104	1224.5	899.666666666667	662.5	1102	1019
"tr|C8ZFI5|C8ZFI5_YEAS8;"	"YEAST"	NA	1809	2467.5	694	792	1620.5
"sp|P48444|COPD_HUMAN;"	"HUMAN"	1557	1470.66666666667	1507.66666666667	1389.66666666667	1563	1855
"tr|C8ZGS9|C8ZGS9_YEAS8;"	"YEAST"	1376.5	2202	1821.66666666667	2260	1265	2221
"sp|P62873|GBB1_HUMAN;"	"HUMAN"	694	1638	NA	479	1335.33333333333	1808
"sp|Q15393|SF3B3_HUMAN;"	"HUMAN"	2680.66666666667	2818.5	2951	2340	2475	2109
"sp|P0A7U3|RS19_ECOLI;"	"ECOLI"	NA	3701	NA	2752	4223	2467
"sp|P26368|U2AF2_HUMAN;"	"HUMAN"	2040.5	2234.5	1552.33333333333	1952	1704.33333333333	1734.66666666667
"sp|Q8NI27|THOC2_HUMAN;"	"HUMAN"	251.5	336	337	418	267.5	367
"sp|P09169|OMPT_ECOLI;"	"ECOLI"	1341	1430.5	1803.5	3854	4091.66666666667	3873
"sp|O43399|TPD54_HUMAN;"	"HUMAN"	2474	2458.33333333333	2436.33333333333	2908.5	2446.66666666667	2354.66666666667
"sp|P77735|YAJO_ECOLI;"	"ECOLI"	NA	NA	NA	1685.5	2000	2033.5
"tr|C8ZDF1|C8ZDF1_YEAS8;"	"YEAST"	868	860	861.666666666667	528.5	667	393
"tr|C8ZHY2|C8ZHY2_YEAS8;"	"YEAST"	11863.3333333333	12585	13004	6771.33333333333	6997.66666666667	6503.33333333333
"sp|Q9Y4L1|HYOU1_HUMAN;"	"HUMAN"	1188	1173.66666666667	2445	1030	1030	2201
"tr|C8ZEB3|C8ZEB3_YEAS8;"	"YEAST"	882	827	1212	608	783	NA
"sp|P46087|NOP2_HUMAN;"	"HUMAN"	1919.66666666667	1988.33333333333	1040	2559.33333333333	2500	2373.66666666667
"tr|C8ZIZ2|C8ZIZ2_YEAS8;"	"YEAST"	2465.5	1965	2444	1029	NA	NA
"sp|Q13885|TBB2A_HUMAN;sp|P04350|TBB4A_HUMAN;sp|P68371|TBB4B_HUMAN;sp|Q9BUF5|TBB6_HUMAN;sp|P07437|TBB5_HUMAN;"	"HUMAN"	19525	20691.5	22254.5	23690	21614.5	22601
"sp|Q9Y383|LC7L2_HUMAN;"	"HUMAN"	2575	2615.66666666667	2586	2119.5	2017.5	2093
"sp|P0AG63|RS17_ECOLI;"	"ECOLI"	1310	1207	863	14001	13889	13392.5
"sp|P39748|FEN1_HUMAN;"	"HUMAN"	4846	3920	3331.66666666667	4098	4296	4744
"sp|Q14315|FLNC_HUMAN;sp|O75369|FLNB_HUMAN;sp|P21333|FLNA_HUMAN;"	"HUMAN"	7055.5	6309.33333333333	5636.66666666667	6153.33333333333	6581	6819.66666666667
"sp|P0A8M0|SYN_ECOLI;"	"ECOLI"	71	NA	NA	1913.66666666667	2010.66666666667	1518.33333333333
"sp|P0A9L3|FKBB_ECOLI;"	"ECOLI"	1410	666	886	2100	2111.5	2128.5
"sp|P60866|RS20_HUMAN;"	"HUMAN"	5537	5242	5145.66666666667	5404.33333333333	5879.66666666667	5572
"sp|O15145|ARPC3_HUMAN;"	"HUMAN"	1654	898	1906.5	1728	820	755
"sp|P09424|MTLD_ECOLI;"	"ECOLI"	NA	NA	204	929.5	776.5	699
"sp|P28838|AMPL_HUMAN;"	"HUMAN"	734	755.5	812.5	669	857.5	836
"tr|C8Z3Z6|C8Z3Z6_YEAS8;"	"YEAST"	672	816	689	266	NA	522
"tr|C8Z7R1|C8Z7R1_YEAS8;"	"YEAST"	1035	873	956.5	614.5	800	553.5
"sp|Q13247|SRSF6_HUMAN;"	"HUMAN"	5796.66666666667	5358.33333333333	6435.33333333333	4695.66666666667	5160.33333333333	4804.33333333333
"sp|P24182|ACCC_ECOLI;"	"ECOLI"	NA	NA	NA	947.5	1491	1261.66666666667
"sp|Q14254|FLOT2_HUMAN;"	"HUMAN"	745.333333333333	737	716.666666666667	903.5	810	1383
"sp|P25789|PSA4_HUMAN;"	"HUMAN"	2136.5	2402.5	2199.5	2132	2333.5	2323
"sp|P55769|NH2L1_HUMAN;"	"HUMAN"	1821	1822.5	1758	1831.5	1901.5	1838.5
"tr|C8Z8N2|C8Z8N2_YEAS8;"	"YEAST"	668	866	426	NA	NA	NA
"sp|Q04446|GLGB_HUMAN;"	"HUMAN"	1613	1615	1380	1813	1473	1475
"sp|P0A8P3|FETP_ECOLI;"	"ECOLI"	NA	133	NA	971	1036	746.5
"sp|O95816|BAG2_HUMAN;"	"HUMAN"	1488.5	1558.5	1535	1534	1230.5	1346
"tr|C8ZEV7|C8ZEV7_YEAS8;"	"YEAST"	798	791	758.666666666667	523	332.5	489
"sp|P53621|COPA_HUMAN;"	"HUMAN"	3343	2512.33333333333	2609.33333333333	2277.66666666667	2249.33333333333	2735.5
"sp|P49591|SYSC_HUMAN;"	"HUMAN"	2101.5	2055.5	2220.5	2316.5	2301	2226
"sp|Q9BV86|NTM1A_HUMAN;"	"HUMAN"	1245.66666666667	1232	1314	1302.33333333333	1172	1265.33333333333
"sp|P14923|PLAK_HUMAN;"	"HUMAN"	830	1047	1134	1202	1181.5	1028.33333333333
"tr|C8ZDF0|C8ZDF0_YEAS8;"	"YEAST"	2103	3564	2330	NA	NA	NA
"sp|P39687|AN32A_HUMAN;sp|Q92688|AN32B_HUMAN;"	"HUMAN"	3357	6998	5618	5683	3430	2819.5
"sp|P63010|AP2B1_HUMAN;"	"HUMAN"	1096	1165	947	1381	1305	1614
"sp|Q14244|MAP7_HUMAN;"	"HUMAN"	689.5	1905	1226.5	1098	1413	1244
"tr|C8Z996|C8Z996_YEAS8;"	"YEAST"	2405.33333333333	2555.66666666667	2620	1477	1693.66666666667	2108.66666666667
"sp|Q29RF7|PDS5A_HUMAN;"	"HUMAN"	575.5	559.5	480.5	637.5	643	685
"sp|O75352|MPU1_HUMAN;"	"HUMAN"	2024.5	1878	2077	1802.5	1859	2066
"sp|Q7L2H7|EIF3M_HUMAN;"	"HUMAN"	1378	1261	NA	1279.5	1155	1138.5
"sp|P14174|MIF_HUMAN;"	"HUMAN"	16170.5	29678	NA	31376	31862	12756.3333333333
"sp|Q92616|GCN1L_HUMAN;"	"HUMAN"	903.666666666667	887.666666666667	1036.5	954	992.666666666667	853
"sp|P30626|SORCN_HUMAN;"	"HUMAN"	2439.5	2855.5	3112.5	3871.5	3134	3189
"tr|C8ZFV1|C8ZFV1_YEAS8;"	"YEAST"	1837	2014.33333333333	2306.33333333333	2188	2018	1842.5
"sp|P78417|GSTO1_HUMAN;"	"HUMAN"	2275.66666666667	2209.66666666667	2363.33333333333	2094.66666666667	2142	2018
"sp|P0AA25|THIO_ECOLI;"	"ECOLI"	4105	1831	870.5	5953	5067	2960.5
"sp|P42766|RL35_HUMAN;"	"HUMAN"	5893.33333333333	6715.66666666667	7960	6336.66666666667	6592.33333333333	6358
"sp|Q14444|CAPR1_HUMAN;"	"HUMAN"	2086.5	1789	NA	2508	2140	2319
"sp|O43684|BUB3_HUMAN;"	"HUMAN"	2076.66666666667	2059.66666666667	2034	1528.33333333333	2252.66666666667	2399
"sp|P18754|RCC1_HUMAN;"	"HUMAN"	1051.5	1717	1257	1622.33333333333	1248.66666666667	1008.5
"sp|P0AGE6|YIEF_ECOLI;"	"ECOLI"	725	2000	463	2042.5	2184.5	2061
"sp|O95573|ACSL3_HUMAN;sp|O60488|ACSL4_HUMAN;"	"HUMAN"	1579	1610	1521	1665	1708.5	1481
"sp|P55036|PSMD4_HUMAN;"	"HUMAN"	1218	1326.5	1396	1415	1414.5	1452
"sp|P30043|BLVRB_HUMAN;"	"HUMAN"	1154.66666666667	1485	737	1217	1537.5	1622.5
"sp|P39831|YDFG_ECOLI;"	"ECOLI"	1713	1202	950.5	3109	3127.5	2893
"sp|Q16643|DREB_HUMAN;"	"HUMAN"	2031.5	NA	756	1064	919	892
"sp|P26640|SYVC_HUMAN;"	"HUMAN"	1614.66666666667	1774.66666666667	960	1514	1684	1632.5
"tr|C8ZA88|C8ZA88_YEAS8;"	"YEAST"	18890.6666666667	17747.6666666667	18294	9963.66666666667	9943	11084.6666666667
"sp|P0A6X7|IHFA_ECOLI;"	"ECOLI"	4214.5	4330.5	1695.5	6901.5	7248.5	7307.5
"sp|Q15645|PCH2_HUMAN;"	"HUMAN"	1786.5	1919.66666666667	2742	1660.5	1372	1461.5
"tr|D3UEN8|D3UEN8_YEAS8;"	"YEAST"	1979.5	1844	2016	645	214	685
"tr|C8Z8Y1|C8Z8Y1_YEAS8;tr|C8ZD16|C8ZD16_YEAS8;tr|C8ZDA3|C8ZDA3_YEAS8;"	"YEAST"	38625	43258.6666666667	50400.5	23380.6666666667	25176.3333333333	25489
"sp|P42677|RS27_HUMAN;"	"HUMAN"	6692.5	6984	6863.5	5912.5	6467	6408.5
"sp|Q9Y277|VDAC3_HUMAN;"	"HUMAN"	8238	4136	3534	7263.66666666667	3134.5	8125
"tr|C8ZHS7|C8ZHS7_YEAS8;"	"YEAST"	2056	2121.5	2293.5	2065.5	531	NA
"sp|P05161|ISG15_HUMAN;"	"HUMAN"	1505.5	473	257	504	535	503
"tr|D3UEW4|D3UEW4_YEAS8;"	"YEAST"	1202	1343.66666666667	921	709	897	637.5
"tr|D3UF74|D3UF74_YEAS8;"	"YEAST"	3389.5	3342	3735.5	1989	1479.33333333333	3506
"tr|C8ZHB7|C8ZHB7_YEAS8;"	"YEAST"	6904	8199.5	6581.33333333333	4566.5	4747	3689.66666666667
"sp|P53618|COPB_HUMAN;"	"HUMAN"	1489.66666666667	1512.5	1378.66666666667	1133.5	1208	1131.5
"sp|P77717|YBAY_ECOLI;"	"ECOLI"	1758	1905	2210	4400	4522	4462.5
"sp|P16070|CD44_HUMAN;"	"HUMAN"	5194.5	3404.33333333333	3342.33333333333	4862.5	3539.33333333333	3095
"sp|P51148|RAB5C_HUMAN;sp|P61020|RAB5B_HUMAN;"	"HUMAN"	3482.5	3243.5	5442	3238	3028	2928
"tr|C8Z709|C8Z709_YEAS8;"	"YEAST"	3125.5	3174	3448	2999	1822	1471
"sp|P38489|NFNB_ECOLI;"	"ECOLI"	1316	NA	NA	1487	1653.66666666667	NA
"tr|C8ZGD1|C8ZGD1_YEAS8;"	"YEAST"	5445	4814	3948	NA	NA	NA
"sp|P43034|LIS1_HUMAN;"	"HUMAN"	475.5	631.333333333333	355	632	712.333333333333	695
"sp|P46776|RL27A_HUMAN;"	"HUMAN"	16249.5	11880.3333333333	13409.6666666667	13192	12863.3333333333	13560.3333333333
"sp|P61221|ABCE1_HUMAN;"	"HUMAN"	569	812	784	910	633	858
"tr|C8ZAJ3|C8ZAJ3_YEAS8;tr|C8Z768|C8Z768_YEAS8;"	"YEAST"	10237	10554.6666666667	10528.3333333333	5710.33333333333	5915.33333333333	5579.33333333333
"tr|C8ZFY2|C8ZFY2_YEAS8;"	"YEAST"	502.666666666667	622	606.666666666667	564	539	563
"sp|P60709|ACTB_HUMAN;"	"HUMAN"	13288.5	13641	9479	8088	11222.5	7650.66666666667
"sp|Q9Y2W1|TR150_HUMAN;"	"HUMAN"	964.5	604	848	915	871.5	804
"sp|P31937|3HIDH_HUMAN;"	"HUMAN"	2105	2320	2052	2072.5	2142	2019
"sp|P62820|RAB1A_HUMAN;"	"HUMAN"	898	1412	1050	877	1050	1562.5
"tr|C8ZCS9|C8ZCS9_YEAS8;"	"YEAST"	10940.5	8217	20821	NA	11775	6009.5
"tr|C8ZA30|C8ZA30_YEAS8;"	"YEAST"	4779.5	4642.5	6118	3831	1743	1705
"tr|C8Z9A2|C8Z9A2_YEAS8;tr|C8ZD15|C8ZD15_YEAS8;"	"YEAST"	9706	9678.5	9514.5	4273.5	4528	3978
"sp|P10599|THIO_HUMAN;"	"HUMAN"	4615.33333333333	4924.33333333333	5050	4974	4965.66666666667	4391.5
"sp|P47712|PA24A_HUMAN;"	"HUMAN"	NA	616.5	1191	1188	880.5	1230
"sp|P0A8W8|YFBU_ECOLI;"	"ECOLI"	NA	NA	1327	1536.66666666667	1457.66666666667	1410.66666666667
"sp|Q6NUK1|SCMC1_HUMAN;"	"HUMAN"	1421.66666666667	1976	2110	1843.33333333333	1832.33333333333	1880.33333333333
"sp|Q13885|TBB2A_HUMAN;sp|P68371|TBB4B_HUMAN;"	"HUMAN"	1342.5	2728	2569	2012	2664	2284
"sp|P26583|HMGB2_HUMAN;sp|P09429|HMGB1_HUMAN;"	"HUMAN"	3211.5	3403.5	3052	3598.5	3953.5	1844
"sp|Q13547|HDAC1_HUMAN;sp|Q92769|HDAC2_HUMAN;"	"HUMAN"	2048.5	1867	2353	2329.5	2827	2115
"sp|P60891|PRPS1_HUMAN;"	"HUMAN"	1341.33333333333	1388.66666666667	1244.5	1356.66666666667	1019.5	1254
"sp|P11142|HSP7C_HUMAN;sp|P08107|HSP71_HUMAN;"	"HUMAN"	10946	12156	10833	11652	11990	8804
"sp|Q9BT78|CSN4_HUMAN;"	"HUMAN"	1102.5	1280	1392	1074	1159	1081
"sp|P19926|AGP_ECOLI;"	"ECOLI"	860	1874	1771	2095	3332	3434.5
"sp|P63167|DYL1_HUMAN;"	"HUMAN"	1796	1961.5	1630.5	2255.5	2239	2493.5
"tr|C8ZG69|C8ZG69_YEAS8;"	"YEAST"	1177	3791.5	4562.5	639	NA	694
"sp|Q9UBB4|ATX10_HUMAN;"	"HUMAN"	837	790	692.333333333333	944.5	1087.5	1288
"sp|P28331|NDUS1_HUMAN;"	"HUMAN"	885	990.5	744.5	838	725	771
"tr|C8ZAJ5|C8ZAJ5_YEAS8;"	"YEAST"	2367.66666666667	2448	2391.33333333333	1567.33333333333	1339.66666666667	1643.66666666667
"tr|C8ZDF6|C8ZDF6_YEAS8;"	"YEAST"	956.5	1020.5	979	967	751.5	870
"tr|C8ZIA8|C8ZIA8_YEAS8;"	"YEAST"	974	1123	961.5	557	NA	NA
"sp|P61353|RL27_HUMAN;"	"HUMAN"	10422	10858.3333333333	11575.3333333333	12106.3333333333	12778.6666666667	13467.6666666667
"sp|Q96QK1|VPS35_HUMAN;"	"HUMAN"	754	733.5	770	883	948.5	788
"sp|Q92820|GGH_HUMAN;"	"HUMAN"	1257	1122.5	1155.5	1162.5	1284	644
"tr|C8ZF73|C8ZF73_YEAS8;"	"YEAST"	7931	5342.5	NA	11713.5	24834	23604
"sp|Q13885|TBB2A_HUMAN;sp|P04350|TBB4A_HUMAN;sp|P68371|TBB4B_HUMAN;sp|Q13509|TBB3_HUMAN;sp|Q9BUF5|TBB6_HUMAN;sp|P07437|TBB5_HUMAN;"	"HUMAN"	23212.6666666667	16942.6666666667	27787.3333333333	17090.6666666667	24213.6666666667	25308
"sp|P51571|SSRD_HUMAN;"	"HUMAN"	293.5	266.5	435	370.5	389	305
"sp|P02930|TOLC_ECOLI;"	"ECOLI"	NA	NA	NA	1080.33333333333	1027	1032
"sp|P0AF36|ZAPB_ECOLI;"	"ECOLI"	NA	NA	NA	705.5	255	720
"sp|P53004|BIEA_HUMAN;"	"HUMAN"	1478	1578.5	1639	1864.5	1797.5	1804
"sp|Q9BUJ2|HNRL1_HUMAN;"	"HUMAN"	1423	1527.66666666667	1548	1474.66666666667	1624	1646.66666666667
"sp|Q04837|SSBP_HUMAN;"	"HUMAN"	1506	1531.66666666667	1671	1598	1645.66666666667	1470.33333333333
"tr|C8ZG99|C8ZG99_YEAS8;"	"YEAST"	1590	1351.5	1201	NA	622	NA
"sp|Q12905|ILF2_HUMAN;"	"HUMAN"	3077.33333333333	3163.66666666667	3473	3158.33333333333	3322.66666666667	3135.33333333333
"tr|C8Z630|C8Z630_YEAS8;"	"YEAST"	12780.3333333333	12364.6666666667	10483.6666666667	7322.66666666667	6145.66666666667	7824.66666666667
"sp|Q14978|NOLC1_HUMAN;"	"HUMAN"	813	1285	1677	1020.5	1043	847.5
"sp|Q13085|ACACA_HUMAN;"	"HUMAN"	190	401.5	153	307	389.5	122
"tr|C8ZFZ5|C8ZFZ5_YEAS8;"	"YEAST"	1870	1914.66666666667	939.666666666667	NA	2896	2608.5
"sp|Q7L576|CYFP1_HUMAN;"	"HUMAN"	1009	1088	991	972	1118	729
"sp|O60884|DNJA2_HUMAN;"	"HUMAN"	424.5	460.5	771	444.5	655	413
"sp|Q9UGI8|TES_HUMAN;"	"HUMAN"	3160	3411	1619	1671	1520.5	2908
"sp|P02794|FRIH_HUMAN;"	"HUMAN"	2337.33333333333	2824	2097.33333333333	2576.66666666667	2857.33333333333	3012.5
"sp|P60468|SC61B_HUMAN;"	"HUMAN"	1027	1240	758	1129	1242	1172.5
"sp|P40121|CAPG_HUMAN;"	"HUMAN"	1621.5	NA	1490	3856	3139.5	3505
"sp|P07108|ACBP_HUMAN;"	"HUMAN"	2141	1396.5	2204	2210	1506	1897
"sp|P63261|ACTG_HUMAN;sp|P0CG39|POTEJ_HUMAN;sp|A5A3E0|POTEF_HUMAN;sp|P60709|ACTB_HUMAN;"	"HUMAN"	16988.3333333333	16555.3333333333	25163	22723.5	17570.3333333333	24026
"tr|C8ZEE7|C8ZEE7_YEAS8;"	"YEAST"	1666.5	1682	1869	286	92	1279.5
"tr|C8ZBX0|C8ZBX0_YEAS8;"	"YEAST"	2425.33333333333	2739.66666666667	4379	1666	1576.5	2303
"sp|Q06830|PRDX1_HUMAN;sp|P32119|PRDX2_HUMAN;"	"HUMAN"	21692.3333333333	7410.5	28368.5	21439	22295	22198.6666666667
"sp|P60953|CDC42_HUMAN;"	"HUMAN"	1057.66666666667	1411.5	997	1067.66666666667	1058	1021
"tr|C8ZGG1|C8ZGG1_YEAS8;"	"YEAST"	2745.33333333333	2724.66666666667	3211	1900.33333333333	2207	1917.5
"sp|P62847|RS24_HUMAN;"	"HUMAN"	3821.33333333333	4199.66666666667	4102	3784	4177	4478.5
"sp|P28070|PSB4_HUMAN;"	"HUMAN"	1329.5	1264.5	2425	2261	2718	1205.5
"sp|P0AB38|LPOB_ECOLI;"	"ECOLI"	NA	NA	143	483.5	528	493.5
"sp|Q15019|SEPT2_HUMAN;"	"HUMAN"	1610	1815	1687.66666666667	1698.5	1567.66666666667	1344.66666666667
"sp|P13798|ACPH_HUMAN;"	"HUMAN"	570.5	603.5	603	411	470.5	473.5
"tr|C8Z762|C8Z762_YEAS8;"	"YEAST"	500	17224.5	17788	30268	15660	15085
"tr|C8ZFL1|C8ZFL1_YEAS8;"	"YEAST"	1758.5	1775	2025	1032.5	988.5	951
"sp|Q7Z2Z1|TICRR_HUMAN;"	"HUMAN"	627	NA	1606	NA	NA	NA
"sp|P07384|CAN1_HUMAN;"	"HUMAN"	1175	1047	NA	1291	1332.5	1182
"tr|C8ZGG1|C8ZGG1_YEAS8;tr|C8ZAY1|C8ZAY1_YEAS8;"	"YEAST"	43470	23788.5	26920.5	9541.66666666667	11387.5	11708.5
"sp|Q12874|SF3A3_HUMAN;"	"HUMAN"	1620.33333333333	1887.5	2249	1662.33333333333	1658	1658.33333333333
"tr|C8Z8Y8|C8Z8Y8_YEAS8;"	"YEAST"	1056.66666666667	1062.66666666667	978.333333333333	740.5	994	533
"tr|C8ZHH8|C8ZHH8_YEAS8;"	"YEAST"	1142	1105.5	1139.5	572.5	405	511.5
"sp|P42166|LAP2A_HUMAN;sp|P42167|LAP2B_HUMAN;"	"HUMAN"	2306.33333333333	2439	2352	2358.66666666667	2552	2509.33333333333
"sp|Q92804|RBP56_HUMAN;"	"HUMAN"	2761.5	1858.33333333333	2600.5	3186	1984.33333333333	1938.33333333333
"sp|Q14683|SMC1A_HUMAN;"	"HUMAN"	1124.5	1177	346	920	1001	1047.5
"sp|Q12765|SCRN1_HUMAN;"	"HUMAN"	482	408	438	722	540	613
"sp|Q92597|NDRG1_HUMAN;"	"HUMAN"	1331	539	NA	NA	326	697.5
"sp|P52565|GDIR1_HUMAN;"	"HUMAN"	1126	1109.5	567	878.666666666667	890.666666666667	1295.66666666667
"sp|P08238|HS90B_HUMAN;sp|Q58FF8|H90B2_HUMAN;"	"HUMAN"	14519	15485	15716	15262.5	16441	15291
"sp|P0A905|SLYB_ECOLI;"	"ECOLI"	1792	767.5	1681	2474.5	2423.5	2327.5
"sp|Q9Y285|SYFA_HUMAN;"	"HUMAN"	2104	1765.66666666667	1794	1452	1489	1824.66666666667
"sp|P0ADZ4|RS15_ECOLI;"	"ECOLI"	NA	275	173	6699	7608	7811
"sp|P04632|CPNS1_HUMAN;"	"HUMAN"	2197.5	2146.5	2097.5	2276	2103.5	1816.5
"sp|P75818|YBJP_ECOLI;"	"ECOLI"	NA	643	731	2071	2121.5	2350
"sp|P69805|PTND_ECOLI;"	"ECOLI"	305	692	NA	1137.33333333333	1230	1250
"sp|P31943|HNRH1_HUMAN;"	"HUMAN"	2984.66666666667	4171	3471	3258.33333333333	2848.5	4087.5
"sp|P0AEH5|ELAB_ECOLI;"	"ECOLI"	1484.33333333333	1625	1759.33333333333	4231.66666666667	4076.33333333333	4270.33333333333
"sp|P04080|CYTB_HUMAN;"	"HUMAN"	2669	NA	3184	3185	NA	3736
"tr|C8ZE00|C8ZE00_YEAS8;"	"YEAST"	763	823.333333333333	749.333333333333	471.5	457.5	820
"tr|C8ZCG6|C8ZCG6_YEAS8;"	"YEAST"	420	425	362.5	327	NA	NA
"sp|Q9NVA2|SEP11_HUMAN;"	"HUMAN"	3107.5	2777.33333333333	2706	2548.33333333333	2922	3436.5
"sp|P0ABK2|CYDB_ECOLI;"	"ECOLI"	480	NA	NA	1815	1985.5	1879.5
"sp|P00805|ASPG2_ECOLI;"	"ECOLI"	NA	NA	NA	2578.66666666667	2544	2641.33333333333
"sp|O60888|CUTA_HUMAN;"	"HUMAN"	1105	1104.5	1047	1346	1390	1566
"sp|Q9Y3B3|TMED7_HUMAN;"	"HUMAN"	NA	906	1652.5	902	958	NA
"sp|P27250|YJGB_ECOLI;"	"ECOLI"	NA	2357	1548.33333333333	2020.33333333333	2547.66666666667	2131
"tr|C8Z5C7|C8Z5C7_YEAS8;"	"YEAST"	454.5	350	564	NA	NA	NA
"sp|P02795|MT2_HUMAN;"	"HUMAN"	795.5	977.5	882.5	919.5	681.5	697.5
"tr|C8Z489|C8Z489_YEAS8;"	"YEAST"	1601	1647	814	NA	1772	NA
"sp|Q14318|FKBP8_HUMAN;"	"HUMAN"	1152	1210	1165.5	1121	1146	1165
"sp|P61956|SUMO2_HUMAN;"	"HUMAN"	2523.5	2522	2524	3230	3139.5	3319
"sp|Q96KP4|CNDP2_HUMAN;"	"HUMAN"	1263.5	1570	1626	828	1355	NA
"sp|Q15428|SF3A2_HUMAN;"	"HUMAN"	710	763	539.5	554	NA	712
"tr|C8ZDN4|C8ZDN4_YEAS8;"	"YEAST"	1756.5	1875.5	1943.5	2118	1817	NA
"tr|C8ZBQ7|C8ZBQ7_YEAS8;"	"YEAST"	1482.5	1470	1413.5	891	1267	1086
"sp|Q9UQ35|SRRM2_HUMAN;"	"HUMAN"	3573	3522	2490	2427.5	3570	3375
"tr|C8ZD71|C8ZD71_YEAS8;"	"YEAST"	710.5	707.5	1203	720	697	NA
"sp|Q96PK6|RBM14_HUMAN;"	"HUMAN"	583.5	669	1228	948	1150	425
"sp|P61289|PSME3_HUMAN;"	"HUMAN"	2239	2316	2584	2010	2566	2327
"sp|Q3ZCQ8|TIM50_HUMAN;"	"HUMAN"	1007.5	1029	1061	978	1156.5	946
"sp|Q15785|TOM34_HUMAN;"	"HUMAN"	204	NA	71	61	NA	184
"tr|C8ZE78|C8ZE78_YEAS8;"	"YEAST"	14137	14629	NA	14386.5	14245	15477
"tr|C8ZFW1|C8ZFW1_YEAS8;"	"YEAST"	707.666666666667	787	774	484	255	376.5
"sp|P16402|H13_HUMAN;"	"HUMAN"	1553	1567	1646.5	1493.5	1449	1472.5
"sp|P0ADS6|YGGE_ECOLI;"	"ECOLI"	567	NA	NA	1396	738	662
"sp|Q13838|DX39B_HUMAN;"	"HUMAN"	1828.33333333333	1953.5	2559	2373	2025	1774.5
"sp|Q01130|SRSF2_HUMAN;"	"HUMAN"	3757.33333333333	3744	4361.33333333333	3989.66666666667	4401	5301
"tr|C8ZFC6|C8ZFC6_YEAS8;"	"YEAST"	932	918	827.5	699	1087	968
"sp|Q05639|EF1A2_HUMAN;"	"HUMAN"	3378	3503	3268	3470	3362	3226.5
"sp|P38606|VATA_HUMAN;"	"HUMAN"	2164	2057	2521.5	2220.5	1852	3154
"sp|Q9UBM7|DHCR7_HUMAN;"	"HUMAN"	1365.5	1376.5	1320.5	1437.5	1003	1309
"tr|C8ZBG2|C8ZBG2_YEAS8;tr|C8ZBG4|C8ZBG4_YEAS8;"	"YEAST"	8251.66666666667	9076	9543.5	3797	3765	7485
"sp|Q8N163|CCAR2_HUMAN;"	"HUMAN"	1438.5	1350	1005	1426	1388	1449
"tr|C8ZJ94|C8ZJ94_YEAS8;"	"YEAST"	6449.5	7068.5	6869	4191	4129.5	4099
"sp|P62304|RUXE_HUMAN;"	"HUMAN"	3697	3844.5	3804	3129	6170	3740.5
"tr|C8ZHN0|C8ZHN0_YEAS8;tr|C8ZET6|C8ZET6_YEAS8;"	"YEAST"	26948.5	28790	26440	17628.5	19776.5	28372
"sp|P63261|ACTG_HUMAN;sp|Q562R1|ACTBL_HUMAN;sp|P60709|ACTB_HUMAN;"	"HUMAN"	6584	7008	6652	5242	6307.5	5810.5
"sp|P63261|ACTG_HUMAN;"	"HUMAN"	13732.5	9790	13853	3067	14064	8322
"sp|P02765|FETUA_HUMAN;"	"HUMAN"	1028	1252.5	1019.5	1059.5	1104	1017.5
